[[   400   7015    340      0    119      0      3      0    141     65
     575    982    344    259    238      0   1002      8      0      1
     120      0      0      0     36    299]
 [   157  59412   1048      2     13      0      0      0    318      0
     945   3644     47    590    225      0   2332      0      0      0
      64      0      0      0      0      2]
 [     9    614   4750     46    362      0    142      0    354      0
      26    225     33      0     12      0    228      0      0      0
      23      0      0      0      0      0]
 [    25    965    407   1881      5      0      1      1     60      0
      39     59    329      9     13      0   5724      0      0      0
     197      0      0      0      0      0]
 [     0    864   3574      3    336      0     27      0    591      0
       0    313      1      0      0      0      8      0      0      0
       6      0      0      0      0      0]
 [     1    650    162    242      2      0      0      0     41     59
      18     18   1148      0      0      0   2382      0      0      0
      14      0      0      0      0      0]
 [     7    797   3052      9    145      0    247      0   1305      1
      96   1010     21      2     34      0     31      0      0      0
      50      0      0      0      0      2]
 [     0    374    281    141     16      0      0     24    151      1
      36     81    312      0      0      0   3345      0      0      0
      38      0      0      0      0      0]
 [     1   1777     37      4     81      0     52      1   1982      2
      97    259    107      9     34      0    130      0      0      0
     166      0      0      0      0      2]
 [     1    511    232     88    112      0      4      6    373     58
     278    858     83      0     28      0   1480      0      0      0
      80      0      0      0     19      0]
 [   132   4761      0      0      0      0      0      0     11     40
  158600   1329      0    228   3541      0   1800      0      0      1
      43      0      0      0     23    169]
 [    11   3973    368      5      5      0     89      0    148     76
   14619  34460    151    176    441      0   4629    264      0      0
    1312      0      0      0     69     33]
 [    11   4110     18    124      7      0      0      1     52     14
     145    480  10497    114     82      0  11499      0      0    117
      46      0      0      0    171      3]
 [    10    804      0      0      1      0      0      0      8      0
     313    199      7   5831     59      0     11    169      0      0
      13      0      0      0      1     62]
 [     0   1855     78     26     24      0     10      0     98      0
     434    488    117   1287   7162      0    462     62      0     12
      43      0      0      0     16      9]
 [     2    116      0      0      0      0      0      0      6     20
    1694   1215      3     36      3      0     30    198      0      0
       4      0      0      0      1      0]
 [    24   5059    209   1000      3      0      3     36     75    131
    1937   1851  13425    217    555      0  33005      0      0     11
     116      0      0      0     10     12]
 [     4    645     90      2      0      0     10      0     42      1
    1293   6454     18    171    217      0   1442    169      0      0
     283      0      0      0      0      2]
 [     0    826      2      0      0      0      0      0      3      0
       0      0      0      0      1      0      5      0      0      0
       8      0      0      0      0     10]
 [     1   1428      0      0      1      0      0      0     24     10
     882    430    103      5      0      0    782      0      0     71
      36      0      0      0      0     13]
 [     4   3447    194      8      3      0     66      3    116     34
    7972   4302    398    161     55      0   3549    117      0      1
    3044      0      0      0      8      0]
 [     0    389     82      0      0      0      1      0      7      0
    1203    458      4      0      0      0    652      0      0      0
      70      0      0      0      0      0]
 [     0    790      0      0      0      0      0      0     12      0
       1      0      4      0      0      0      0      0      0      0
      27      0      0      0      0      0]
 [     0    447      0      0      0      0      0      0     21      0
     165   1089    136      0      0      0   1256      0      0      0
      93      0      0      0      4      0]
 [     2     29      0      0      2      0      0      0     11      4
      93    399     11     33    204      0    263      8      0     48
       6      0      0      0    166      0]
 [    20   1642     19      0      0      0      0      0     30      0
     280    226      4      8     14      0    116      0      0      0
      11      0      0      0      0    892]]              precision    recall  f1-score   support

         1.0       0.49      0.03      0.06     11947
         2.0       0.58      0.86      0.69     68799
         3.0       0.32      0.70      0.44      6824
         4.0       0.53      0.19      0.28      9715
         5.0       0.27      0.06      0.10      5723
         6.0       0.00      0.00      0.00      4737
         7.0       0.38      0.04      0.07      6809
         8.0       0.33      0.01      0.01      4800
         9.0       0.33      0.42      0.37      4741
        10.0       0.11      0.01      0.02      4211
        11.0       0.83      0.93      0.88    170678
        12.0       0.57      0.57      0.57     60829
        13.0       0.38      0.38      0.38     27491
        14.0       0.64      0.78      0.70      7488
        15.0       0.55      0.59      0.57     12183
        16.0       0.00      0.00      0.00      3328
        17.0       0.43      0.57      0.49     57679
        18.0       0.17      0.02      0.03     10843
        19.0       0.00      0.00      0.00       855
        21.0       0.27      0.02      0.04      3786
        22.0       0.51      0.13      0.21     23482
        23.0       0.00      0.00      0.00      2866
        24.0       0.00      0.00      0.00       834
        25.0       0.00      0.00      0.00      3211
        26.0       0.32      0.13      0.18      1279
        27.0       0.59      0.27      0.37      3262

    accuracy                           0.62    518400
   macro avg       0.33      0.26      0.25    518400
weighted avg       0.58      0.62      0.58    518400
[[    85   3101      0      0     26      0      6    119    592    576
       1     34    120      7    149      0      0    263     10      0
       0      0     21]
 [     0 245735      0      0   3407      0     16    192  14135   3320
       0    939   5416      6     12      0      0      8      3     50
       0      0      0]
 [     0    125      0      0      0      0      0      0     71      0
       0      0      9      0      0      0      0      0      0      0
       0      0      1]
 [     0    238      0      3      0      0      0      0     29      0
       0      0      0      0      0      0      0      0      0      0
       0      0      0]
 [     0   3190      0      0   1601      0      0     61      0     14
       0     17      5      0      4      0      0      0      0      0
       0      0      0]
 [     0   3091      0      0    179    225      4      6      1      6
       0      0      0      0     31      0      0      0      0      0
       0      0      0]
 [     0   1001      0      0     50      0     13    277    312     59
       0     12     28      0     30      0      0      0      7      0
       0      0      0]
 [     8   3225      0      0     71      0     46    993    814    654
       0      6     54     30    727      0      0      3     14      0
       0      0      0]
 [    14  14055      0      0      0      0      4     28  92440    157
       0     10     60   1001      6      0      0     11     10     37
       0      0      0]
 [     0  22383      0      0    234      1      2     85   1242  15941
       4    426    909   1569    502      0      0     16     37     10
       0      0      0]
 [     0   1260      0      0      0      0      0      0     14     48
     112      0      0      0      0      0      0      0      0      0
       0      0      0]
 [    22   1883      0      0      0      0      0     41     67    148
       0   1582    275      0     24      0      0      4      0      0
       0      0      2]
 [     3   2405      0      0      2      0      0     21    135    108
       0    114   5482      0     14      0      0     12      2      0
       0      0      1]
 [     0   4456      0      0     61      0      0     39   6691   4075
       0      5    361    366   1792      0      0      0      2      6
       0      0      0]
 [     0  10737      0      0    101     46      1     68    459   2122
       0      7     59    400   1827      0      0      0      0      3
       0      0      0]
 [     0    944      0      0      0      0      0      0    411   1277
      33     17      7    262      0      0      0      0      0      0
       0      0      0]
 [     0    184      0      0      0      0      0      0      0      0
       0      0      0      0      0      0      0      0      0      0
       0      0      9]
 [   168    282      0      0      0      0      0      0     34     13
       0      0      3      0      2      0      0   2143      1      0
       0      0      0]
 [     0   1167      0      0      0      0      0     36    587    320
       0      1      0      0      0      0      0     79     19      0
       0      0      0]
 [     0   6356      0      0     31     31      1      2   1402    287
       0     80     15    949      0      0      0      0      0      7
       0      0      2]
 [     0     48      0      0      0      0      0      0      0      0
       0      0      0      0      1      0      0      0      0      0
       0      0      0]
 [     0   1589      0      0      0      0      0      3     25   1038
       0      0      0      0      0      0      0      0      0      0
       0      0      0]
 [     1   3642      0      0      1      0      0     15    145      0
       0     42      0      0      3      0      0     11      0      0
       0      0    321]]              precision    recall  f1-score   support

         1.0       0.28      0.02      0.03      5110
         2.0       0.74      0.90      0.81    273239
         3.0       0.00      0.00      0.00       206
         4.0       1.00      0.01      0.02       270
         7.0       0.28      0.33      0.30      4892
         8.0       0.74      0.06      0.12      3543
         9.0       0.14      0.01      0.01      1789
        10.0       0.50      0.15      0.23      6645
        11.0       0.77      0.86      0.81    107833
        12.0       0.53      0.37      0.43     43361
        13.0       0.75      0.08      0.14      1434
        14.0       0.48      0.39      0.43      4048
        15.0       0.43      0.66      0.52      8299
        16.0       0.08      0.02      0.03     17854
        17.0       0.36      0.12      0.17     15830
        18.0       0.00      0.00      0.00      2951
        19.0       0.00      0.00      0.00       193
        20.0       0.84      0.81      0.82      2646
        21.0       0.18      0.01      0.02      2209
        22.0       0.06      0.00      0.00      9163
        23.0       0.00      0.00      0.00        49
        25.0       0.00      0.00      0.00      2655
        27.0       0.90      0.08      0.14      4181

    accuracy                           0.71    518400
   macro avg       0.39      0.21      0.22    518400
weighted avg       0.65      0.71      0.66    518400
[[   423   7024    361      1    105      0      4      0    139     67
     615    968    320    305    280      0    966     10      0      3
     128      0      0      0     28    305]
 [   189  59192   1049      0     23      0      0      0    342      0
     931   3859     63    554    218      0   2388      0      0      0
      66      0      0      0      0      2]
 [     7    626   4757     61    370      0    158      0    314      1
      23    213     36      0     11      0    213      0      0      0
      25      0      0      0      0      0]
 [    19    940    425   1940      4      0      0      2     59      0
      41     55    560     10     13      0   5531      0      0      0
     179      0      0      0      0      0]
 [     0    850   3663      0    361      0     27      0    545      0
       0    335      0      0      0      0     12      0      0      0
      14      0      0      0      0      0]
 [     0    597    169    216      2      0      0      0     44     68
      17     22   1222      0      0      0   2335      0      0      0
      12      0      0      0      0      0]
 [     7    794   3052      5    120      0    224      1   1243      1
     109   1048     27      6     37      0     32      0      0      0
      49      0      0      0      0      0]
 [     0    355    253    133     10      0      0     25    161      1
      44     96    289      0      0      0   3483      0      0      0
      57      0      0      0      0      0]
 [     1   1815     45      5     81      0     56      2   1911      4
      82    301    117      9     24      0    118      0      0      0
     158      0      0      0      0      2]
 [     2    532    277    100    118      0      5      1    394     64
     310    807     67      0     25      0   1444      0      0      1
      70      0      0      0     23      0]
 [   116   4639      0      0      0      0      0      0     14     38
  158400   1381      0    211   3519      0   1821      0      0      4
      36      0      0      0     25    178]
 [     4   3871    385      6      5      0     82      0    128     90
   14671  34387    157    185    413      0   4592    260      0      3
    1362      0      0      0     67     34]
 [    10   4019     13    104     10      0      0      1     65     16
     143    454  10608    105     78      0  11456      0      0    124
      40      0      0      0    167      1]
 [    11    836      0      2      1      0      0      0      9      0
     280    214      8   5833     72      0     13    181      0      0
      12      0      0      0      1     49]
 [     0   1774     85     26     18      0      8      0    104      0
     437    440    118   1226   7309      0    480     52      0     18
      42      0      0      0     13      6]
 [     2    124      0      0      0      0      0      0      6     21
    1698   1152      4     34      6      0     28    222      0      0
       6      0      0      0      0      0]
 [    27   5277    233   1060      8      0      0     34     91    137
    1961   1825  13492    236    592      0  33212      0      0     13
     121      0      0      0      3     12]
 [     1    684     80      0      0      0      6      0     31      6
    1304   6566     25    180    221      0   1455    170      0      0
     320      0      0      0      2      1]
 [     0    804      0      0      0      0      0      0      5      0
       0      0      2      0      1      0      2      0      0      0
       6      0      0      0      0     16]
 [     2   1462      0      1      1      0      0      0     29      8
     865    395    116      2      2      0    867      0      0     62
      39      0      0      0      0     10]
 [     3   3306    192      8      6      0     58      2    103     52
    7687   4346    409    171     53      0   3400    113      0      1
    3031      0      0      0      7      0]
 [     0    404     88      0      0      0      0      0      6      1
    1151    419      6      0      0      0    613      0      0      0
      66      0      0      0      0      0]
 [     0    868      0      0      0      0      0      0     10      0
       1      0      2      0      0      0      0      0      0      0
      21      0      0      0      0      0]
 [     0    448      0      1      0      0      0      0     20      0
     172   1055    141      0      0      0   1242      0      0      0
      89      0      0      0      7      0]
 [     4     31      0      0      1      0      1      0     11      4
      87    341      3     28    185      0    258      5      0     33
       8      0      0      0    152      0]
 [    21   1630     20      0      0      0      0      0     31      0
     257    223      4     11      9      0    103      0      0      0
      15      0      0      0      0    918]]              precision    recall  f1-score   support

         1.0       0.50      0.04      0.07     12052
         2.0       0.58      0.86      0.69     68876
         3.0       0.31      0.70      0.43      6815
         4.0       0.53      0.20      0.29      9778
         5.0       0.29      0.06      0.10      5807
         6.0       0.00      0.00      0.00      4704
         7.0       0.36      0.03      0.06      6755
         8.0       0.37      0.01      0.01      4907
         9.0       0.33      0.40      0.36      4731
        10.0       0.11      0.02      0.03      4240
        11.0       0.83      0.93      0.88    170382
        12.0       0.56      0.57      0.57     60702
        13.0       0.38      0.39      0.38     27414
        14.0       0.64      0.78      0.70      7522
        15.0       0.56      0.60      0.58     12156
        16.0       0.00      0.00      0.00      3303
        17.0       0.44      0.57      0.49     58334
        18.0       0.17      0.02      0.03     11052
        19.0       0.00      0.00      0.00       836
        21.0       0.24      0.02      0.03      3861
        22.0       0.51      0.13      0.21     22948
        23.0       0.00      0.00      0.00      2754
        24.0       0.00      0.00      0.00       902
        25.0       0.00      0.00      0.00      3175
        26.0       0.31      0.13      0.18      1152
        27.0       0.60      0.28      0.38      3242

    accuracy                           0.62    518400
   macro avg       0.33      0.26      0.25    518400
weighted avg       0.58      0.62      0.58    518400
[[  1753   6408    733     34     56      0     50      0      0      0
       0    578    709    262    470      0      1      0      0      8
       0      0    208      0]
 [     0 209320      0      0      0      0      0      0      0      0
       0      0      0      0      0      0      0      0      0      0
       0      0      0      0]
 [   388    665   1530      8    194      0     88      0      0      0
       0    136      0      0      6      0      0      0      0      0
       0      0      0      0]
 [     6    421     62   2504      0      0      0      0      0      0
       0      0      0      0      0      0      0      0      0      0
       0      0      0      0]
 [   700    555    255      0    436      0      0      0      0      0
       0    102      0      0      2      0      0      0      0      0
       0      0      0      0]
 [     0    213      4    684      0      0      0      0      0      0
       0      0      0      0      0      0      0      0      0      0
       0      0      0      0]
 [    42    562    309      0     38      0    261      0      0      0
       0    355      0      0      8      0      0      0      0      0
       0      0      0      0]
 [     3    388     21    541      0      0      0      0      0      0
       0      0      0      0      5      0      0      0      0      0
       0      0      0      0]
 [    92     91     75      1     91      0     10      0      0      0
       0     23      0      0      0      0      0      0      0      0
       0      0      0      0]
 [    10    191    106      0      1      0     30      0      0      0
       0    157      0      0      4      0      8      0      0      0
       0      0      0      0]
 [     0      0      1      0      0      0      0      0      0      0
  180176      0      0      0      0      0      0      0      0      0
       0      0      0      0]
 [   805   3818     36      0     14      0     23      0      0      0
       0  37287      0      0     27      0    427      0      1      0
       0      0    931      0]
 [   879   3515    668     20      8      0      5      0      0      0
       0    895  38879      0    149      0    341      0      0      0
       0      0     40      0]
 [    93    185      0      0      0      0      0      0      0      0
       0     85      0    907     15      0     12      0      0      0
       0      0      0      0]
 [   310    740    286      0      0      0      0      0      0      0
       0    211      0      0   1052      0      5      0      0      0
       0      0      0      0]
 [   396    114     18      7     20      0      0      0      0      0
       0    221      0      0      1      0      0      0      0      0
       0      0    366      0]
 [   231    158    480     25     11      0      4      0      0      0
       0   1944      0    104     26      0    327      0      0      0
       0      0    879      0]
 [     0    117      0      0      0      0      0      0      0      0
       0    249      0      0      0      0      0      0      0      0
       0      0      0      0]
 [   100    458     28      0      0      0      0      0      0      0
       0    167      0      0     80      0      0      0      0      0
       0      0      0      0]
 [     0      1      0      0      0      0      0      0      0      0
       0      0      0      0     11      0      0      0      0      1
       0      0      0      0]
 [    69     29      1      0      0      0      0      0      0      0
       0      0      0      0      0      0      0      0      0      0
       0      0      0      0]
 [     1     36      2      0      0      0      4      0      0      0
       0    429      0      0     13      0      0      0      0      0
       0      0      0      0]
 [   212    162     11      0      2      0     16      0      0      0
       0    409      0      0      2      0      7      0      0      0
       0      0   2695      0]
 [    91    512     13      0      0      0      2      0      0      0
       0    170      0    114     12      0      0      0      0      0
       0      0      0   1024]]              precision    recall  f1-score   support

         1.0       0.28      0.16      0.20     11270
         2.0       0.92      1.00      0.96    209320
         3.0       0.33      0.51      0.40      3015
         4.0       0.65      0.84      0.73      2993
         5.0       0.50      0.21      0.30      2050
         6.0       0.00      0.00      0.00       901
         7.0       0.53      0.17      0.25      1575
         8.0       0.00      0.00      0.00       958
         9.0       0.00      0.00      0.00       383
        10.0       0.00      0.00      0.00       507
        11.0       1.00      1.00      1.00    180177
        12.0       0.86      0.86      0.86     43369
        13.0       0.98      0.86      0.91     45399
        14.0       0.65      0.70      0.68      1297
        15.0       0.56      0.40      0.47      2604
        17.0       0.00      0.00      0.00      1143
        18.0       0.29      0.08      0.12      4189
        19.0       0.00      0.00      0.00       366
        21.0       0.00      0.00      0.00       833
        22.0       0.11      0.08      0.09        13
        23.0       0.00      0.00      0.00        99
        24.0       0.00      0.00      0.00       485
        25.0       0.53      0.77      0.62      3516
        27.0       1.00      0.53      0.69      1938

    accuracy                           0.92    518400
   macro avg       0.38      0.34      0.35    518400
weighted avg       0.90      0.92      0.91    518400
