[[   736   7200     86     12     18      0    217      0     91      0
    1307   1192     25    124     98      0    790      0      0      0
      20      0      0     31      0      0]
 [   106  59461    175      0    502      0    637      0    120      0
    1792   4246    132    581    212      0    553      0      0      0
     169      0      0    113      0      0]
 [   317    680   4889     45      0      0     14      0    328      0
     113    176      0      0      1      0    261      0      0      0
       0      0      0      0      0      0]
 [     4   1147    437   1809      0      0      0      0     59      0
      40     49      0      1      8      0   6138      0      0      0
      21      0      0      2      0      0]
 [     0   1213   1604      3   1949      0     47      0    547      0
       0    352      0      0      0      0      8      0      0      0
       0      0      0      0      0      0]
 [     0    671     13    232    149      0      0      0     38      0
      18     16     10      0      0      0   3590      0      0      0
       0      0      0      0      0      0]
 [     0   1676      0      0     85      0   3606      8    371      0
       0    947     33      2     23      0     21      0      0      0
      23      0      0     14      0      0]
 [     0    414      0      0      0      0    430     99      0      0
       0    115   2813      0      0      0    929      0      0      0
       0      0      0      0      0      0]
 [    17   2044     38      3      0      0    460      0   1371      0
      88    448      6      7     20      0    156      0      0      0
      33      0      0     50      0      0]
 [     6    645    249     64     41      0    237     24    153      0
     309    978     59      0     12      0   1378      0      0      0
      56      0      0      0      0      0]
 [    18   4230     30      0      0      0      0      0      4      0
  163646   1231      0    220    699      0    327      0      0      0
       7      0      0    266      0      0]
 [     3   4170    514      5    116      0    288      0     87      0
   12097  36866     56    429    233      0   4409      0      0      0
    1441      0      0    115      0      0]
 [     0   4198      4    961      0      0     33    117     19      0
     167    691   2863    171     77      0  18044      0      0      0
     143      0      0      3      0      0]
 [     1   1057      0      0      0      0      0      0     21      0
     323    268      0   5574     85      0     14      0      0      0
       0      0      0    145      0      0]
 [     0   2094     26      0      0      0     56     33     84      0
    1088    533      5   1442   6441      0    307      0      0      0
      56      0      0     18      0      0]
 [     0    120     18      0      0      0      0      0      0      0
     253   2652      0    227      3      0      7      0      0      0
       0      0      0     48      0      0]
 [     1   5167    365   1590      0      0    231    262     63      0
    2182   2390   4571    116    395      0  40053      0      0      0
     244      0      0     49      0      0]
 [     1    659      3      0     54      0     60      0      2      0
     991   6905     10    315     43      0   1344      0      0      0
     422      0      0     34      0      0]
 [     0    845      2      0      0      0      2      0      1      0
       0      0      0      0      0      0      5      0      0      0
       0      0      0      0      0      0]
 [     0   1488     12      0      0      0      5      0     17      0
    1605    441      1      0      0      0    142      0      0      0
       4      0      0     71      0      0]
 [     0   3506    332      4      0      0    178      0     42      0
    3785   4563    268    244     32      0   3354      0      0      0
    7131      0      0     43      0      0]
 [     0    390     22      0     83      0      0      0      7      0
    1077    699      0      0      0      0    530      0      0      0
      58      0      0      0      0      0]
 [     0    821      0      0      0      0      0      0     12      0
       0      0      0      0      0      0      0      0      0      0
       1      0      0      0      0      0]
 [     0    317      0      0      0      0      5      0     14      0
     279   1089      1      0      0      0   1259      0      0      0
      72      0      0    175      0      0]
 [     0     34      0      0      0      0      1      0     14      0
     243    673      0     27     92      0    188      0      0      0
       1      0      0      6      0      0]
 [    46   2202     10      0      2      0     55      0     28      0
     372    389      2      9     14      0      5      0      0      0
       6      0      0    122      0      0]]              precision    recall  f1-score   support

         1.0       0.59      0.06      0.11     11947
         2.0       0.56      0.86      0.68     68799
         3.0       0.55      0.72      0.62      6824
         4.0       0.38      0.19      0.25      9715
         5.0       0.65      0.34      0.45      5723
         6.0       0.00      0.00      0.00      4737
         7.0       0.55      0.53      0.54      6809
         8.0       0.18      0.02      0.04      4800
         9.0       0.39      0.29      0.33      4741
        10.0       0.00      0.00      0.00      4211
        11.0       0.85      0.96      0.90    170678
        12.0       0.54      0.61      0.57     60829
        13.0       0.26      0.10      0.15     27491
        14.0       0.59      0.74      0.66      7488
        15.0       0.76      0.53      0.62     12183
        16.0       0.00      0.00      0.00      3328
        17.0       0.48      0.69      0.57     57679
        18.0       0.00      0.00      0.00     10843
        19.0       0.00      0.00      0.00       855
        21.0       0.00      0.00      0.00      3786
        22.0       0.72      0.30      0.43     23482
        23.0       0.00      0.00      0.00      2866
        24.0       0.00      0.00      0.00       834
        25.0       0.13      0.05      0.08      3211
        26.0       0.00      0.00      0.00      1279
        27.0       0.00      0.00      0.00      3262

    accuracy                           0.65    518400
   macro avg       0.32      0.27      0.27    518400
weighted avg       0.59      0.65      0.60    518400
[[     0   4259      0      0     19      0      0     28    354    314
       0      4     17      4     10      0      0     91      0     10
       0      0      0]
 [     0 267073      0      0   2770      9      0     75    505   1558
       0     15    840      6    249      0      0      0      0    129
       0     10      0]
 [     0    118      0      0      0      0      0      0     79      0
       0      0      9      0      0      0      0      0      0      0
       0      0      0]
 [     0    207      0      0      0      0      0      0     63      0
       0      0      0      0      0      0      0      0      0      0
       0      0      0]
 [     0   3208      0      0   1423     17      0     24      0    178
       0      4      5      0     33      0      0      0      0      0
       0      0      0]
 [     0   1539      0      0    175   1792      0      0      0      8
       0      0      0      0     29      0      0      0      0      0
       0      0      0]
 [     0   1373      0      0      0     50      0     90    215     37
       0      8     16      0      0      0      0      0      0      0
       0      0      0]
 [     0   4116      0      0     13    155      0    533    817    504
       0     12     51     24    411      0      0      0      0      9
       0      0      0]
 [     0  25068      0      0      0      0      0      4  81492      1
       0      0     49    769     31      0      0      0      0    419
       0      0      0]
 [     0  16196      0      0    119      1      0     13    891  23260
       0    344    636   1106    667      0      0      0      0    128
       0      0      0]
 [     0    400      0      0      0     67      0      0      0    911
       0      0      0      0     10      0      0      0      0     46
       0      0      0]
 [     0   2018      0      0      0      0      0      5    303    316
       0   1049    335      0      0      0      0     22      0      0
       0      0      0]
 [     0   2405      0      0      3      3      0      1    174    130
       0     49   5496      0     33      0      0      5      0      0
       0      0      0]
 [     0   5060      0      0      0      0      0      8   6927   5117
       0      5    336    400      1      0      0      0      0      0
       0      0      0]
 [     0   7743      0      0    136     49      0     30   1353   2993
       0      0     37    721   2529      0      0      0      0    239
       0      0      0]
 [     0    672      0      0      0      0      0      0    301   1696
       0     11      7    264      0      0      0      0      0      0
       0      0      0]
 [     0    193      0      0      0      0      0      0      0      0
       0      0      0      0      0      0      0      0      0      0
       0      0      0]
 [     0    701      0      0      0      0      0      0    194     43
       0      0      3     29      0      0      0   1626      0      0
       0     50      0]
 [     0   1820      0      0      0      0      0     17    126    190
       0      0      0      0      0      0      0     55      0      1
       0      0      0]
 [     0   6283      0      0     33    102      0      3    590    993
       0      8      9    785     44      0      0      0      0    313
       0      0      0]
 [     0     49      0      0      0      0      0      0      0      0
       0      0      0      0      0      0      0      0      0      0
       0      0      0]
 [     0    900      0      0      0      0      0      3     37   1048
       0      0      0      0    667      0      0      0      0      0
       0      0      0]
 [     0   4043      0      0      1      0      0      3    111     17
       0      0      0      0      0      0      0      6      0      0
       0      0      0]]              precision    recall  f1-score   support

         1.0       0.00      0.00      0.00      5110
         2.0       0.75      0.98      0.85    273239
         3.0       0.00      0.00      0.00       206
         4.0       0.00      0.00      0.00       270
         7.0       0.30      0.29      0.30      4892
         8.0       0.80      0.51      0.62      3543
         9.0       0.00      0.00      0.00      1789
        10.0       0.64      0.08      0.14      6645
        11.0       0.86      0.76      0.81    107833
        12.0       0.59      0.54      0.56     43361
        13.0       0.00      0.00      0.00      1434
        14.0       0.70      0.26      0.38      4048
        15.0       0.70      0.66      0.68      8299
        16.0       0.10      0.02      0.04     17854
        17.0       0.54      0.16      0.25     15830
        18.0       0.00      0.00      0.00      2951
        19.0       0.00      0.00      0.00       193
        20.0       0.90      0.61      0.73      2646
        21.0       0.00      0.00      0.00      2209
        22.0       0.24      0.03      0.06      9163
        23.0       0.00      0.00      0.00        49
        25.0       0.00      0.00      0.00      2655
        27.0       0.00      0.00      0.00      4181

    accuracy                           0.75    518400
   macro avg       0.31      0.21      0.24    518400
weighted avg       0.69      0.75      0.70    518400
[[   812   7264     67     14     20      0    218      0     83      0
    1180   1205     23    235    117      0    755      0      0      0
      24      0      0     35      0      0]
 [   105  59255    215      0    473      0    578      0    124      0
    1890   4543    140    546    209      0    528      0      0      0
     155      0      0    115      0      0]
 [   315    694   4900     61      0      0      9      0    303      0
     114    175      0      0      3      0    241      0      0      0
       0      0      0      0      0      0]
 [     3   1106    444   1844      0      0      0      0     57      0
      43     49      0      0      9      0   6205      0      0      0
      15      0      0      3      0      0]
 [     0   1227   1632      0   2000      0     61      0    510      0
       0    361      0      0      0      0     13      0      0      0
       0      0      0      3      0      0]
 [     0    616     20    206    149      0      0      0     40      0
      18     19      0      0      0      0   3636      0      0      0
       0      0      0      0      0      0]
 [     0   1601      0      0     87      0   3697      5    262      0
       0    980     38      7     25      0     23      0      0      0
      16      0      0     14      0      0]
 [     0    404      0      0      0      0    408    100      0      0
       0    119   1373      0      0      0   2503      0      0      0
       0      0      0      0      0      0]
 [    21   2076     45      7      0      0    461      2   1326      0
      78    459      4      4     15      0    155      0      0      0
      29      0      0     49      0      0]
 [     5    678    278     70     55      0    244     29    152      0
     333    941     28      0     13      0   1355      0      0      0
      58      0      0      1      0      0]
 [    19   4066     28      0      0      0      0      0      4      0
  163415   1273      0    202    733      0    343      0      0      0
       5      0      0    294      0      0]
 [     5   4064    388      2    114      0    266      0     67      0
   12100  37461     46    470    201      0   3951      0      0      0
    1426      0      0    141      0      0]
 [     1   4091      4    963      0      0     38    100     25      0
     188    663   2855    166     72      0  18102      0      0      0
     140      0      0      6      0      0]
 [     1   1062      0      0      0      0      0      0      7      0
     287    287      0   5641    102      0     18      0      0      0
       0      0      0    117      0      0]
 [     0   2000     31      0      7      0     65     35     84      0
    1151    483      8   1340   6551      0    312     13      0      0
      61      0      0     15      0      0]
 [     0    130     22      0      0      0      0      0      0      0
     238   2606      0    247      6      0      6      0      0      0
       0      0      0     48      0      0]
 [     3   5376    415   1661      0      0    239    261     73      0
    2278   2324   4130    190    390      0  40653      0      0      0
     274      0      0     67      0      0]
 [     0    711      4      1     49      0     48      0      1      0
     853   7169      3    351     40      0   1354      0      0      0
     435      0      0     33      0      0]
 [     0    827      0      0      0      0      5      0      0      0
       0      0      0      0      0      0      4      0      0      0
       0      0      0      0      0      0]
 [     0   1523     14      0      0      0      6      0     21      0
    1600    403      2      0      1      0    208      0      0      0
       7      0      0     76      0      0]
 [     0   3398    328      7      0      0    164      0     45      0
    3785   4547    236    265     31      0   3262      0      0      0
    6850      0      0     30      0      0]
 [     0    408     11      0     88      0      0      0      6      0
    1031    639      0      0      0      0    516      0      0      0
      55      0      0      0      0      0]
 [     0    891      0      0      0      0      0      0     10      0
       0      0      0      0      0      0      0      0      0      0
       1      0      0      0      0      0]
 [     0    320      0      0      0      0      8      1     12      0
     234   1049      0      0      0      0   1260      0      0      0
      72      0      0    219      0      0]
 [     0     37      0      0      0      0      2      0     10      0
     217    599      0     24     83      0    163      0      0      0
       2      0      0     15      0      0]
 [    50   2228      2      0      2      0     68      0     23      0
     282    411      1      9      9      0      7      0      0      0
       6      0      0    144      0      0]]              precision    recall  f1-score   support

         1.0       0.61      0.07      0.12     12052
         2.0       0.56      0.86      0.68     68876
         3.0       0.55      0.72      0.63      6815
         4.0       0.38      0.19      0.25      9778
         5.0       0.66      0.34      0.45      5807
         6.0       0.00      0.00      0.00      4704
         7.0       0.56      0.55      0.55      6755
         8.0       0.19      0.02      0.04      4907
         9.0       0.41      0.28      0.33      4731
        10.0       0.00      0.00      0.00      4240
        11.0       0.85      0.96      0.90    170382
        12.0       0.54      0.62      0.58     60702
        13.0       0.32      0.10      0.16     27414
        14.0       0.58      0.75      0.66      7522
        15.0       0.76      0.54      0.63     12156
        16.0       0.00      0.00      0.00      3303
        17.0       0.48      0.70      0.56     58334
        18.0       0.00      0.00      0.00     11052
        19.0       0.00      0.00      0.00       836
        21.0       0.00      0.00      0.00      3861
        22.0       0.71      0.30      0.42     22948
        23.0       0.00      0.00      0.00      2754
        24.0       0.00      0.00      0.00       902
        25.0       0.15      0.07      0.10      3175
        26.0       0.00      0.00      0.00      1152
        27.0       0.00      0.00      0.00      3242

    accuracy                           0.65    518400
   macro avg       0.32      0.27      0.27    518400
weighted avg       0.60      0.65      0.60    518400
[[  2573   5499    227     10     52      0     62      0      0      0
       0    969   1215    262    336      0     13      0      0      0
       0      0     31     21]
 [     0 209320      0      0      0      0      0      0      0      0
       0      0      0      0      0      0      0      0      0      0
       0      0      0      0]
 [   907    434    862      9      0      0      0      0      0      0
       0    168    629      0      4      0      2      0      0      0
       0      0      0      0]
 [    29    428     32   2504      0      0      0      0      0      0
       0      0      0      0      0      0      0      0      0      0
       0      0      0      0]
 [   888    304     86      0    669      0      0      0      0      0
       0    102      0      0      1      0      0      0      0      0
       0      0      0      0]
 [     9    256      0    631      5      0      0      0      0      0
       0      0      0      0      0      0      0      0      0      0
       0      0      0      0]
 [   219    513     12      0     53      0    338      0      0      0
       0    367     57      0      8      0      0      0      0      0
       0      0      2      6]
 [     5    375      0      0      0      0     26    415      0      0
       0    119     13      0      5      0      0      0      0      0
       0      0      0      0]
 [    81     76     48      1    148      0      1      0      0      0
       0     24      1      0      3      0      0      0      0      0
       0      0      0      0]
 [    70    177      7      0      0      0     50      0      0      0
       0    129     33      0      3      0     28      0      0      0
       0      0      7      3]
 [     0      0      0      0      0      0      0      0      0      0
  180177      0      0      0      0      0      0      0      0      0
       0      0      0      0]
 [  2431   1589     26      0      1      0     44      0      0      0
       0  39063     51      0     23      0    115      0      0      0
       0      0     24      2]
 [  1091   3227     12     20     65      0      5      0      0      0
       0    872  39891      0    151      0     65      0      0      0
       0      0      0      0]
 [   199    395      0      0      0      0      0      0      0      0
       0    162      0    528     13      0      0      0      0      0
       0      0      0      0]
 [   426    898     71      0      0      0      0      0      0      0
       0    242    301      0    589      0     20      0      0      0
       0      0     30     27]
 [   385    130      5      0     20      0      0      0      0      0
       0    559      0      0      0      0      0      0      0      0
       0      0     44      0]
 [   183    216     13     19      2      0      0      0      0      0
       0   3055    476    104     25      0     19      0      0      0
       0      0     77      0]
 [     0    117      0      0      0      0      0      0      0      0
       0    249      0      0      0      0      0      0      0      0
       0      0      0      0]
 [   223    381     36      0      0      0      0      0      0      0
       0    171     19      0      3      0      0      0      0      0
       0      0      0      0]
 [     1      0     12      0      0      0      0      0      0      0
       0      0      0      0      0      0      0      0      0      0
       0      0      0      0]
 [     0     29      0      0      0      0      1      0      0      0
       0     69      0      0      0      0      0      0      0      0
       0      0      0      0]
 [    37      0      2      0      0      0      4      0      0      0
       0    429      0      0     13      0      0      0      0      0
       0      0      0      0]
 [    77      6     18      0      1      0      6      0      0      0
       0     44      0      0      0      0     14      0      0      0
       0      0   3267     83]
 [   217    496     11      0      0      0      3      0      0      0
       0    170     35    114     12      0      0      0      0      0
       0      0     41    839]]              precision    recall  f1-score   support

         1.0       0.26      0.23      0.24     11270
         2.0       0.93      1.00      0.96    209320
         3.0       0.58      0.29      0.38      3015
         4.0       0.78      0.84      0.81      2993
         5.0       0.66      0.33      0.44      2050
         6.0       0.00      0.00      0.00       901
         7.0       0.63      0.21      0.32      1575
         8.0       1.00      0.43      0.60       958
         9.0       0.00      0.00      0.00       383
        10.0       0.00      0.00      0.00       507
        11.0       1.00      1.00      1.00    180177
        12.0       0.83      0.90      0.86     43369
        13.0       0.93      0.88      0.91     45399
        14.0       0.52      0.41      0.46      1297
        15.0       0.50      0.23      0.31      2604
        17.0       0.00      0.00      0.00      1143
        18.0       0.07      0.00      0.01      4189
        19.0       0.00      0.00      0.00       366
        21.0       0.00      0.00      0.00       833
        22.0       0.00      0.00      0.00        13
        23.0       0.00      0.00      0.00        99
        24.0       0.00      0.00      0.00       485
        25.0       0.93      0.93      0.93      3516
        27.0       0.86      0.43      0.57      1938

    accuracy                           0.93    518400
   macro avg       0.44      0.34      0.37    518400
weighted avg       0.91      0.93      0.92    518400
