[[  2688   4729     24    213     72      0    383      0     78    111
    2120    266     51     61     84      0    636      8      0    167
     118      0      0      2     51     85]
 [   101  64548    133     18    515      0    541      2     87     15
    1834    386     60     10     11      0     78     35      0      6
     408      0      0      0      0     11]
 [     8     71   4856     65    849      0      0      0    323      0
     545     12      1      0     19      0     19      0      0      0
      56      0      0      0      0      0]
 [    29    354    342   6482    125      0      0      0     71      0
     552     26   1328      0      3      0    402      0      0      0
       1      0      0      0      0      0]
 [     1    996     17      1   4014      5     84      0    513     24
       0      1      3      0      0      0      0     62      0      2
       0      0      0      0      0      0]
 [     0    666      0     11    164    569      0      0     51      0
       0     18    804      1      0      0   2399      0      0     11
      43      0      0      0      0      0]
 [    54    501      0      0     58      0   5759     63      4     29
       0    155      5      0      1      0    158      2      0      0
      17      0      0      0      0      3]
 [     0    120      0      0      0      0     40   3661    109      1
       0     30     28      0      0      0    802      0      0      0
       9      0      0      0      0      0]
 [     9   1281     68     67     76     18    233     49   2016     75
     422    101     14      0     12      0    132      0      0     72
      92      0      0      0      0      4]
 [    14    493     77    238    160      0    185      0    175   1196
      38    438    221      0      2      0    799     23      0     51
      73      0      0     12     16      0]
 [    35    501      9      1      0      0      0      0      3      2
  167521   1439      2      0     10      0    304     13      0    641
     134     55      0      4      0      4]
 [   202   2981    187     23    128      1    206    109     87    208
    5069  48484    167      2     37      0   1234    261      0     76
    1238      0      0     42     49     38]
 [    28   3856      0    356      1      6     30      1     33      2
     192    161  10466      2      3      0  12162     16      0     52
     121      0      0      0      0      3]
 [    18    828      0      0      0      0     82      0     15      2
      15      1      8   6373     16      0     46      0      0     13
       4      0      0      3      1     63]
 [   129   1263      6     12      2      0    125      0     86     31
     824    117     31    869   7943      2    306      1      0    241
     161      0      0     17      6     11]
 [     0     94      3      0      0      0      0      0      1      0
      58   3025      4      0      0    110      9     13      0      0
      11      0      0      0      0      0]
 [   321   4275     51   2006      8     95    190     30     68     58
     801   2242   6700      6      8      0  39532     12      0    371
     848     17      0     17      3     20]
 [    81    562     16     23      0      0     78      0      2     32
     575   6712      1      3      2      5    559   1996      0      5
     169      0      0      6     13      3]
 [     0    828      0      3      2      0      2      0      4      0
       0      0      0      0      1      0      5      0      0      0
       0      0      0      0      0     10]
 [    63   1419      2     11      1      0      5     50     24     16
     565     87     19      0      7      0    152      0      0   1050
     297      0      0      5      0     13]
 [   105   3293    158     16      3      1    133     24     63     78
    1162   3985    241      6     11      0   1535    212      0    129
   12302      0      0     18      5      2]
 [     0    342      1      0     82      0      0      0      7      9
     769    855    268      0      1      0    150      0      0    142
       0    240      0      0      0      0]
 [     0    790      0     25      0      0      0      0     14      0
       0      0      0      0      0      0      0      0      0      4
       1      0      0      0      0      0]
 [     5      0      0      0      0      0      0      0      0      6
      33    278      4      0      0      0     37      3      0      3
      11      0      0   2831      0      0]
 [    20     29      0      2      9      0      1      0      2     70
       2    133     12     23     13      0    125      5      0      0
      63      0      0     31    721     18]
 [    64   1388      1      3      3      0     20      0     18      0
     218    365      0      0      4      0     67      0      0     27
      55      0      0      0      1   1028]]              precision    recall  f1-score   support

         1.0       0.68      0.22      0.34     11947
         2.0       0.67      0.94      0.78     68799
         3.0       0.82      0.71      0.76      6824
         4.0       0.68      0.67      0.67      9715
         5.0       0.64      0.70      0.67      5723
         6.0       0.82      0.12      0.21      4737
         7.0       0.71      0.85      0.77      6809
         8.0       0.92      0.76      0.83      4800
         9.0       0.52      0.43      0.47      4741
        10.0       0.61      0.28      0.39      4211
        11.0       0.91      0.98      0.95    170678
        12.0       0.70      0.80      0.75     60829
        13.0       0.51      0.38      0.44     27491
        14.0       0.87      0.85      0.86      7488
        15.0       0.97      0.65      0.78     12183
        16.0       0.94      0.03      0.06      3328
        17.0       0.64      0.69      0.66     57679
        18.0       0.75      0.18      0.30     10843
        19.0       0.00      0.00      0.00       855
        21.0       0.34      0.28      0.31      3786
        22.0       0.76      0.52      0.62     23482
        23.0       0.77      0.08      0.15      2866
        24.0       0.00      0.00      0.00       834
        25.0       0.95      0.88      0.91      3211
        26.0       0.83      0.56      0.67      1279
        27.0       0.78      0.32      0.45      3262

    accuracy                           0.76    518400
   macro avg       0.68      0.50      0.53    518400
weighted avg       0.76      0.76      0.74    518400
[[  1048   2480      1      4      0      0     24    185    492    151
       0     44      6    435     26      0      0    130     28     32
       0      2     22]
 [    57 260402      0      1    773    142    192     87   9774   1436
      14     28     27     23    233      5      0      0     16      8
       0      1     20]
 [     0     47     51      7      0      0      0      0     59      0
       0      0      0      0      0      0      0      0      0      0
       0     41      1]
 [     0    124      0    112      0      0      0      0     29      0
       0      0      0      0      0      0      0      0      5      0
       0      0      0]
 [    36    866      0      0   3633     41     22     41     30    198
       0      0      0      0      2     22      0      0      0      0
       0      0      1]
 [     0    417      0      0     13   2997     51      0     27     13
       0      0      0      0     19      6      0      0      0      0
       0      0      0]
 [    19    503      0      0     26    115    659    309     86     31
       0      1      3      0     13      0      0      0     24      0
       0      0      0]
 [    43   1652      0      0     14      1    111   3335    475    201
       0     42      2      3    734      0      0      4     28      0
       0      0      0]
 [    41  12121      0      0      1      0      8     33  95316     23
       0     23     11     69    154      1      0      0     10     21
       0      0      1]
 [   116   6338      0     11    150     29     34    210    386  33337
      28      1      2   1148   1147    239      0      0      1    170
       0     12      2]
 [     0    209      0      0      0      0      0      0      1    141
    1060      0      0      0     22      0      0      0      0      0
       0      1      0]
 [    11    506      0      0      0      0      0      4      0     44
       0   3166    260     35      2     16      0      2      0      0
       0      0      2]
 [     4    898      0      0     22      0      5     81     64     84
       0    117   6961     32      2      5      0      7     11      0
       0      2      4]
 [    46   3295      0      8      0      0      8     13   6224   2553
       1     33      5   5081    552      4      0      0      0     31
       0      0      0]
 [     1   3855      0      0     54      2      4     67    134    962
       8     26      5     91  10612      1      0      0      0      8
       0      0      0]
 [     0    103      0      0      4      0      0     10    587    789
       4     12      0     10     80   1317      0      0      0     35
       0      0      0]
 [     0    184      0      0      0      0      0      0      0      0
       0      0      0      0      0      0      7      0      0      0
       0      0      2]
 [    13    244      0      7      0      0      1      1     16      0
       0      0      0      0      7      0      0   2311      2     44
       0      0      0]
 [   103    995      0      0      0      0     15     32    557    212
       1     53      0     21     10      0      0     79    122      4
       0      0      5]
 [    24   3658      0      0    112      0     12     13    198   1638
       2      0      1    300    141     30      0      0      1   3007
       0      4     22]
 [     0     48      0      0      0      0      0      1      0      0
       0      0      0      0      0      0      0      0      0      0
       0      0      0]
 [     0     15     13      0      0      0      0      0     11      2
       0      0      0      0     10      2      0      0      0      0
       0   2593      9]
 [    37   3398      0     20     49      0     10     12     82     70
       0      5      3      0      1      0      0      6     14      6
       0     51    417]]              precision    recall  f1-score   support

         1.0       0.66      0.21      0.31      5110
         2.0       0.86      0.95      0.90    273239
         3.0       0.78      0.25      0.38       206
         4.0       0.66      0.41      0.51       270
         7.0       0.75      0.74      0.75      4892
         8.0       0.90      0.85      0.87      3543
         9.0       0.57      0.37      0.45      1789
        10.0       0.75      0.50      0.60      6645
        11.0       0.83      0.88      0.86    107833
        12.0       0.80      0.77      0.78     43361
        13.0       0.95      0.74      0.83      1434
        14.0       0.89      0.78      0.83      4048
        15.0       0.96      0.84      0.89      8299
        16.0       0.70      0.28      0.40     17854
        17.0       0.77      0.67      0.72     15830
        18.0       0.80      0.45      0.57      2951
        19.0       1.00      0.04      0.07       193
        20.0       0.91      0.87      0.89      2646
        21.0       0.47      0.06      0.10      2209
        22.0       0.89      0.33      0.48      9163
        23.0       0.00      0.00      0.00        49
        25.0       0.96      0.98      0.97      2655
        27.0       0.82      0.10      0.18      4181

    accuracy                           0.84    518400
   macro avg       0.77      0.52      0.58    518400
weighted avg       0.84      0.84      0.83    518400
[[  2962   4646     22    217     58      0    409      0     84    104
    2055    297     44     84     83      0    688     12      0     75
     101      0      0      1     37     73]
 [   276  64456    161     10    486      0    550      0     97     61
    1777    356     89     10     12      0     82     40      0      7
     384      0      0      0      0     22]
 [    11     83   4861     87    848      0      0      0    289      0
     544     11      1      0     22      0     16      0      0      0
      42      0      0      0      0      0]
 [    40    346    361   6592    120      0      0      0     74      0
     518     16   1252      0      3      0    455      0      0      0
       1      0      0      0      0      0]
 [     3    996      0      5   4175      1     80      0    467     15
       0      1      7      0      0      0      0     57      0      0
       0      0      0      0      0      0]
 [     0    616      0     16    175    525      0      0     48      0
       0     18    747      0      0      0   2513      0      0      5
      41      0      0      0      0      0]
 [    55    522      0      0     60      0   5614     62     24     35
       0    168      8      0      2      0    175      5      0      0
      25      0      0      0      0      0]
 [     1    125      0      0      0      0     44   3655     98      6
       0     39     36      0      0      0    896      0      0      0
       7      0      0      0      0      0]
 [    17   1310     77     75     95      1    193     56   1995     44
     420     95     12      0     10      0    155      0      0     62
     107      0      0      0      0      7]
 [    14    497     68    227    221      0    182      0    210   1196
      41    422    207      0     29      0    767     17      0     57
      58      0      0     10     17      0]
 [    60    503      7      2      0      0      0      0      4      1
  167218   1437      3      0      2      0    261     11      0    640
     159     57      0      8      0      9]
 [   231   2982    201     22    127      0    180    115     76    219
    4861  48696    169      1     14      0   1174    394      0     66
    1070      0      0     40     27     37]
 [    57   3741      0    322      1      3     26      5     44      2
     193    143  10405      0      0      0  12300     21      0     28
     118      0      0      3      0      2]
 [    19    857      1      3      0      0    102      0     10      5
      12      5     11   6354     26      0     39      0      0     21
       7      0      0      1      0     49]
 [   165   1189      5      8      0      0    118      0     86     10
     795    157     35    826   8063      4    318      0      0    181
     170      0      0     13      5      8]
 [     0     86      5      0      0      0      0      0      1      0
      66   3016      2      0      0    107     10     10      0      0
       0      0      0      0      0      0]
 [   362   4437     64   2066     16     35    185     32     83     79
     894   2354   6720      0     38      1  39758     14      0    321
     818     16      0     15      0     26]
 [    64    532     25     27      0      0     88      0     12     16
     614   6747      1      2      3      7    577   2135      0      7
     165      0      0     12     14      4]
 [     0    805      0      3      0      0      5      0      2      0
       0      0      0      0      1      0      4      0      0      0
       0      0      0      0      0     16]
 [   157   1450      0     10      1      0      6     64     25     19
     567    113     28      0      7      0    145      0      0    985
     272      0      0      2      0     10]
 [   126   3155    148     22      2      1    113     30     99     53
    1138   3952    218      4      4      0   1577    201      0     80
   12009      0      0     12      2      2]
 [     0    362      2      1     88      0      0      0      7      5
     726    813    278      0      0      0    143      0      0    128
       0    201      0      0      0      0]
 [     0    868      0     20      0      0      0      0     11      0
       0      0      0      0      0      0      0      0      0      2
       1      0      0      0      0      0]
 [     2      0      0      0      0      0      0      0      0      9
      37    272      4      0      2      0     24      2      0      9
      15      0      0   2799      0      0]
 [    15     27      0      5      5      0      2      0      4     61
       1    146      5     16     11      0    125      3      0      0
      51      0      0     39    622     14]
 [    89   1412      0      2      0      1     27      0     22      0
     194    332      0      0      2      0     57      0      0      0
      58      0      0      0      0   1046]]              precision    recall  f1-score   support

         1.0       0.63      0.25      0.35     12052
         2.0       0.67      0.94      0.78     68876
         3.0       0.81      0.71      0.76      6815
         4.0       0.68      0.67      0.68      9778
         5.0       0.64      0.72      0.68      5807
         6.0       0.93      0.11      0.20      4704
         7.0       0.71      0.83      0.76      6755
         8.0       0.91      0.74      0.82      4907
         9.0       0.52      0.42      0.46      4731
        10.0       0.62      0.28      0.39      4240
        11.0       0.92      0.98      0.95    170382
        12.0       0.70      0.80      0.75     60702
        13.0       0.51      0.38      0.44     27414
        14.0       0.87      0.84      0.86      7522
        15.0       0.97      0.66      0.79     12156
        16.0       0.90      0.03      0.06      3303
        17.0       0.64      0.68      0.66     58334
        18.0       0.73      0.19      0.31     11052
        19.0       0.00      0.00      0.00       836
        21.0       0.37      0.26      0.30      3861
        22.0       0.77      0.52      0.62     22948
        23.0       0.73      0.07      0.13      2754
        24.0       0.00      0.00      0.00       902
        25.0       0.95      0.88      0.91      3175
        26.0       0.86      0.54      0.66      1152
        27.0       0.79      0.32      0.46      3242

    accuracy                           0.76    518400
   macro avg       0.68      0.49      0.53    518400
weighted avg       0.76      0.76      0.74    518400
[[  7431   2049    332     16      2     26    249      7     17     13
       0    272    582      0     50      7    145      0     10      0
       0     12      1     49]
 [     0 209320      0      0      0      0      0      0      0      0
       0      0      0      0      0      0      0      0      0      0
       0      0      0      0]
 [   745    246   1913     36      0      0      0      0      0      0
       0      0     69      0      0      6      0      0      0      0
       0      0      0      0]
 [    12    166     23   2784      0      0      0      0      0      0
       0      1      0      0      7      0      0      0      0      0
       0      0      0      0]
 [    16    286      0      0   1552      0      0      0      3      0
       0      0     88      0      0      0    102      0      0      0
       0      3      0      0]
 [     4    196      0      0      2    699      0      0      0      0
       0      0      0      0      0      0      0      0      0      0
       0      0      0      0]
 [   125    387      0      0      0      0    916      1      0     23
       0     73     49      0      0      0      0      0      0      0
       0      0      1      0]
 [    54    292      0      0      0      0     12    592      0      3
       0      0      5      0      0      0      0      0      0      0
       0      0      0      0]
 [    80     26     32      1    148      0     11      0     46      0
       0      5     30      0      1      3      0      0      0      0
       0      0      0      0]
 [    38    151      9      0     23      0     24      0      0    116
       0      8     72      0      0      0     49      0      0      0
       0      7      0     10]
 [     0      0      0      0      0      0      0      0      0      0
  180177      0      0      0      0      0      0      0      0      0
       0      0      0      0]
 [    87   1583      0      0      0      0     30      1      0      8
       0  41346    201      0      9      0      0      0      1      0
       0     87     14      2]
 [   281   3205    443     21    107      0     14      0      0      5
       0     26  41220      0      0      0     20      0      0      0
       0     54      0      3]
 [   159     51     10      0      1      0      0      0      0      0
       0      0      0    922     17      0     42      0     34      0
       0     44      0     17]
 [   478    382    232      5      9      0     14      0      0      0
       0     51    237      0   1068      0     28      0     13      0
       0     12     21     54]
 [   268     10      3      0      0      0      0     23      2      0
       0    138     83      0      0    278    337      0      1      0
       0      0      0      0]
 [   170     67    145     28     22      0      0      0      0      0
       0      0    194      0      0     84   3472      0      1      0
       0      0      0      6]
 [     0    117      0      0      0      0      0      0      0      0
       0      0      0      0      0      0      0      0      0      0
       0    249      0      0]
 [   445    105      0      0      0      0      0      0      1      0
       0     34     55      2     17      0     90      0     84      0
       0      0      0      0]
 [    12      0      0      0      0      0      0      0      0      0
       0      1      0      0      0      0      0      0      0      0
       0      0      0      0]
 [     0     29      0      0      0      0      0      0      0      1
       0      0      0      0      0      0      0      0      0      0
      69      0      0      0]
 [    19      0      0      0      0      0      0      0      0      2
       0      0      0      0      0      0      0      0      0      0
       0    464      0      0]
 [     9      0      0      0      0      0      0      0      0      0
       0      3      0      0      1      0      0      0      0      0
       0      0   3503      0]
 [   362    233     11      0      1      0     14      0      1      0
       0     29     37      0      0      0    108      0      9      0
       0      0      0   1133]]              precision    recall  f1-score   support

         1.0       0.69      0.66      0.67     11270
         2.0       0.96      1.00      0.98    209320
         3.0       0.61      0.63      0.62      3015
         4.0       0.96      0.93      0.95      2993
         5.0       0.83      0.76      0.79      2050
         6.0       0.96      0.78      0.86       901
         7.0       0.71      0.58      0.64      1575
         8.0       0.95      0.62      0.75       958
         9.0       0.66      0.12      0.20       383
        10.0       0.68      0.23      0.34       507
        11.0       1.00      1.00      1.00    180177
        12.0       0.98      0.95      0.97     43369
        13.0       0.96      0.91      0.93     45399
        14.0       1.00      0.71      0.83      1297
        15.0       0.91      0.41      0.57      2604
        17.0       0.74      0.24      0.37      1143
        18.0       0.79      0.83      0.81      4189
        19.0       0.00      0.00      0.00       366
        21.0       0.55      0.10      0.17       833
        22.0       0.00      0.00      0.00        13
        23.0       1.00      0.70      0.82        99
        24.0       0.50      0.96      0.65       485
        25.0       0.99      1.00      0.99      3516
        27.0       0.89      0.58      0.71      1938

    accuracy                           0.96    518400
   macro avg       0.76      0.61      0.65    518400
weighted avg       0.96      0.96      0.96    518400
