[[   367   7077    349      1    103      0      3      0    150     66
     566    973    335    300    283      0    979      6      0      3
     131      0      0      0     28    317]
 [   162  59258   1041      1     21      0      0      0    335      0
     951   3870     64    579    213      0   2289      0      0      0
      61      0      0      0      0      0]
 [    10    624   4800     50    353      0    161      0    324      0
      18    207     43      0      6      0    241      0      0      0
      32      0      0      0      0      0]
 [    28    986    436   1941      1      0      1      2     43      0
      32     59    343      7     19      0   5828      0      0      0
     196      0      0      0      0      0]
 [     1    798   3651      0    337      0     32      0    544      0
       0    327      2      0      0      0      9      0      0      0
       7      0      0      0      0      0]
 [     0    592    156    230      1      0      0      0     39     64
      17     26   1192      0      0      0   2368      0      0      0
      17      0      0      0      0      0]
 [     9    814   3004      6    125      0    219      1   1239      0
     107   1009     31     10     27      0     26      0      0      0
      40      0      0      0      0      0]
 [     0    380    293    144     15      0      0     23    153      0
      48     94    273      0      0      0   3392      0      0      0
      53      0      0      0      0      0]
 [     1   1806     46      6     81      0     60      1   1985      1
      90    262     97      9     30      0    116      0      0      0
     151      0      0      0      0      2]
 [     2    534    252     82    112      0      3      5    404     62
     298    838     74      0     30      0   1452      0      0      0
      72      0      0      0     20      0]
 [   129   4736      0      0      0      0      0      0     17     49
  158043   1365      0    214   3546      0   1816      0      0      1
      32      0      0      0     26    158]
 [     6   3876    371      8      5      0     87      0    141     91
   14674  34629    124    182    409      0   4714    290      0      1
    1250      0      0      0     66     27]
 [    10   4082     13    125      4      0      0      0     58     11
     156    441  10480    100     87      0  11610      0      0    121
      36      0      0      0    171      3]
 [    10    759      0      1      3      0      0      0     10      0
     324    216      8   5794     77      0     10    181      0      0
      13      0      0      0      1     64]
 [     0   1767     89     28     25      0      6      0     78      1
     424    484    133   1293   7228      0    499     57      0     15
      40      0      0      0     20     10]
 [     0    134      0      0      2      0      0      0      6     14
    1689   1224      2     26      3      0     31    217      0      0
       1      0      0      0      1      0]
 [    24   5090    196    963      4      0      2     35     88    130
    1998   1829  13440    212    584      0  33268      0      0     17
     127      0      0      0     10     12]
 [     4    724     88      0      0      0      6      0     45      2
    1334   6640     16    174    197      0   1449    172      0      0
     274      0      0      0      0      3]
 [     0    780      0      0      0      0      0      0      6      0
       0      0      2      0      0      0      4      0      0      0
      10      0      0      0      0     11]
 [     0   1427      0      0      3      0      0      0     24     11
     897    438     90      6      2      0    822      0      0     77
      36      0      0      0      1     11]
 [     4   3376    188      5      4      0     59      0     92     51
    7767   4391    390    177     57      0   3528    117      0      0
    2923      0      0      0     10      0]
 [     0    394     85      0      0      0      0      0     10      0
    1220    412      4      0      0      0    640      0      0      0
      84      0      0      0      0      0]
 [     0    804      0      0      0      0      0      0     11      0
       1      0      3      0      0      0      0      0      0      0
      19      0      0      0      0      0]
 [     0    409      0      0      0      0      0      0     18      1
     164   1112    116      0      0      0   1229      0      0      0
     102      0      0      0      3      1]
 [     4     30      0      0      3      0      1      0     10      4
      91    365      9     37    189      0    263      5      0     35
       6      0      0      0    153      0]
 [    16   1578     15      0      0      0      0      0     23      0
     264    225      7      9      7      0     98      0      0      0
      23      0      0      0      0    923]]              precision    recall  f1-score   support

         1.0       0.47      0.03      0.06     12037
         2.0       0.58      0.86      0.69     68845
         3.0       0.32      0.70      0.44      6869
         4.0       0.54      0.20      0.29      9922
         5.0       0.28      0.06      0.10      5708
         6.0       0.00      0.00      0.00      4702
         7.0       0.34      0.03      0.06      6667
         8.0       0.34      0.00      0.01      4868
         9.0       0.34      0.42      0.37      4744
        10.0       0.11      0.01      0.03      4240
        11.0       0.83      0.93      0.87    170132
        12.0       0.56      0.57      0.57     60951
        13.0       0.38      0.38      0.38     27508
        14.0       0.63      0.78      0.70      7471
        15.0       0.56      0.59      0.57     12197
        16.0       0.00      0.00      0.00      3350
        17.0       0.43      0.57      0.49     58029
        18.0       0.16      0.02      0.03     11128
        19.0       0.00      0.00      0.00       813
        21.0       0.29      0.02      0.04      3845
        22.0       0.51      0.13      0.20     23139
        23.0       0.00      0.00      0.00      2849
        24.0       0.00      0.00      0.00       838
        25.0       0.00      0.00      0.00      3155
        26.0       0.30      0.13      0.18      1205
        27.0       0.60      0.29      0.39      3188

    accuracy                           0.62    518400
   macro avg       0.33      0.26      0.25    518400
weighted avg       0.58      0.62      0.58    518400
[[   429   7115    320      1    107      0      2      0    169     58
     539    996    328    269    253      0    997      6      0      3
     132      0      0      0     34    300]
 [   154  59327   1038      0      7      0      0      0    321      0
     917   3821     54    534    226      0   2352      0      0      0
      60      0      0      0      0      1]
 [     7    690   4817     63    368      0    133      0    328      0
      30    230     39      0      9      0    217      0      0      0
      24      0      0      0      0      0]
 [    29    984    416   1888      3      0      1      1     59      0
      51     52    345      5     16      0   5736      0      0      0
     182      0      0      0      0      0]
 [     0    895   3678      3    347      0     31      0    577      0
       0    319      3      0      0      0      8      0      0      0
      11      0      0      0      0      0]
 [     0    589    151    240      2      0      0      0     50     58
      21     24   1208      0      0      0   2425      0      0      0
      11      0      0      0      0      0]
 [    12    789   3004      6    135      0    226      2   1191      1
     108    953     33      9     30      0     35      0      0      0
      48      0      0      0      0      1]
 [     0    389    247    145     12      0      0     16    144      1
      37     87    276      0      0      0   3513      0      0      0
      53      0      0      0      0      0]
 [     1   1766     48      4     79      0     42      1   2033      2
     111    261     94      9     29      0    105      0      0      0
     156      0      0      0      0      1]
 [     0    525    254     86    116      0      1      4    372     51
     294    843     87      0     22      0   1371      0      0      0
      89      0      0      0     17      0]
 [    94   4651      0      0      0      0      0      0     16     32
  158467   1372      0    224   3450      0   1757      0      0      2
      38      0      0      0     28    178]
 [     7   3911    394      7      6      0     89      0    152     84
   14661  34454    134    174    398      0   4528    244      0      1
    1251      0      0      0     83     33]
 [     9   4152     23    148      7      0      0      2     64      6
     163    445  10606     89     88      0  11525      0      0    116
      39      0      0      0    183      4]
 [     7    757      0      1      0      0      0      0     11      0
     297    217      3   5813     78      0     10    173      0      0
      17      0      0      0      1     60]
 [     0   1791     81     29     10      0     11      0     79      1
     421    488    152   1203   7200      0    437     58      0     20
      44      0      0      0     17      7]
 [     2    125      0      0      0      0      0      0      9     21
    1603   1198      2     33      4      0     32    187      0      0
       5      0      0      0      2      0]
 [    25   5131    215    980      6      0      1     32     88    109
    2007   1840  13657    208    558      0  33454      0      0     14
     116      0      0      0      8      9]
 [     1    684     89      0      0      0      7      0     42      0
    1348   6537     25    166    194      0   1407    178      0      0
     316      0      0      0      1      1]
 [     0    797      0      0      0      0      0      0      7      0
       0      0      4      0      1      0      3      0      0      0
       7      0      0      0      0     13]
 [     1   1520      0      0      5      0      0      0     21      9
     837    398    114      3      1      0    821      0      0     80
      34      0      0      0      0     12]
 [     1   3423    164      5      3      0     61      2    106     42
    7729   4345    415    145     70      0   3426    106      0      1
    2941      0      0      0      7      0]
 [     0    430    109      0      0      0      1      0      8      2
    1197    431      1      0      0      0    649      0      0      0
      79      0      0      0      0      0]
 [     0    805      0      0      0      0      0      0     11      0
       0      0      3      0      0      0      0      0      0      0
      16      0      0      0      0      0]
 [     0    441      0      0      0      0      0      0     19      2
     165   1080    116      0      0      0   1227      0      0      0
     115      0      0      0      5      0]
 [     4     26      0      0      2      0      0      0     13      1
      84    343     11     34    192      0    270      5      0     32
       7      0      0      0    177      0]
 [    17   1591     12      0      0      0      0      0     34      0
     252    239      6      7     11      0    115      0      0      1
      31      0      0      0      0    910]]              precision    recall  f1-score   support

         1.0       0.54      0.04      0.07     12058
         2.0       0.57      0.86      0.69     68812
         3.0       0.32      0.69      0.44      6955
         4.0       0.52      0.19      0.28      9768
         5.0       0.29      0.06      0.10      5872
         6.0       0.00      0.00      0.00      4779
         7.0       0.37      0.03      0.06      6583
         8.0       0.27      0.00      0.01      4920
         9.0       0.34      0.43      0.38      4742
        10.0       0.11      0.01      0.02      4132
        11.0       0.83      0.93      0.88    170309
        12.0       0.57      0.57      0.57     60611
        13.0       0.38      0.38      0.38     27669
        14.0       0.65      0.78      0.71      7445
        15.0       0.56      0.60      0.58     12049
        16.0       0.00      0.00      0.00      3223
        17.0       0.44      0.57      0.50     58458
        18.0       0.19      0.02      0.03     10996
        19.0       0.00      0.00      0.00       832
        21.0       0.30      0.02      0.04      3856
        22.0       0.51      0.13      0.20     22992
        23.0       0.00      0.00      0.00      2907
        24.0       0.00      0.00      0.00       835
        25.0       0.00      0.00      0.00      3170
        26.0       0.31      0.15      0.20      1201
        27.0       0.59      0.28      0.38      3226

    accuracy                           0.62    518400
   macro avg       0.33      0.26      0.25    518400
weighted avg       0.58      0.62      0.58    518400
[[   372   6988    347      0     98      0      4      0    153     58
     535    989    346    274    270      0   1015      7      0      3
     122      0      0      0     29    300]
 [   173  59805   1011      0     15      0      1      0    311      0
     950   3778     63    557    221      0   2373      0      0      0
      58      0      0      0      0      1]
 [    11    628   4786     66    357      0    135      0    357      0
      22    261     35      0      6      0    201      0      0      0
      23      0      0      0      0      0]
 [    22    954    415   1922      1      0      1      0     51      0
      43     55    352      8     11      0   5664      0      0      0
     159      0      0      0      0      0]
 [     0    839   3612      0    358      0     40      0    557      0
       0    327      4      0      0      0     12      0      0      0
       9      0      0      0      0      0]
 [     1    578    164    236      3      0      0      0     44     52
      14     19   1171      0      1      0   2430      0      0      0
      15      0      0      0      0      0]
 [     6    777   3009      8    150      0    242      0   1253      1
     108   1033     33      5     23      0     26      0      0      0
      45      0      0      0      0      0]
 [     0    341    263    142      9      0      0     26    143      0
      39     83    281      0      0      0   3395      0      0      0
      48      0      0      0      0      0]
 [     2   1771     39      2     80      0     50      2   1895      1
      96    248     93      8     30      0    133      0      0      0
     134      0      0      0      0      3]
 [     2    493    260     92    122      0      3      3    365     50
     308    856     67      0     29      0   1441      0      0      0
      76      0      0      0     21      0]
 [   136   4751      0      0      0      0      0      0     14     42
  158925   1285      0    202   3592      0   1795      0      0      2
      33      0      0      0     26    203]
 [     9   3934    356      3      8      0     90      0    150     78
   14817  34299    142    191    406      0   4638    249      0      2
    1254      0      0      0     77     31]
 [    12   4195      9    117      4      0      0      2     56     11
     133    497  10621     94     83      0  11337      0      0    113
      46      0      0      0    170      6]
 [     9    797      0      1      2      0      0      0     10      0
     312    230      6   5844     58      0      9    182      0      0
       9      0      0      0      0     55]
 [     0   1834     83     31     18      0     12      0     97      1
     424    469    130   1261   7126      0    482     61      0     13
      32      0      0      0     12      4]
 [     0    100      0      0      2      0      0      0      5     22
    1610   1146      3     30      4      0     33    192      0      0
       3      0      0      0      0      0]
 [    23   5123    199   1019      3      0      0     30     91    132
    1941   1826  13393    236    577      0  33053      0      0      9
     114      0      0      0      6     13]
 [     2    649     88      0      0      0      4      0     28      4
    1328   6679     19    173    220      0   1477    179      0      0
     266      0      0      0      0      1]
 [     0    779      1      0      0      0      0      0      4      0
       0      0      3      0      1      0      3      0      0      0
       9      0      0      0      0     12]
 [     0   1436      0      1      1      0      0      0     35     12
     892    425     83      3      4      0    806      0      0     68
      35      0      0      0      0     19]
 [     3   3448    183      3      2      0     61      1    115     55
    7595   4331    412    178     67      0   3503    129      0      2
    2964      0      0      0      8      0]
 [     0    435     96      0      0      0      0      0     10      1
    1157    434      2      0      0      0    599      0      0      0
      76      0      0      0      0      0]
 [     0    800      0      0      0      0      0      0      5      0
       0      0      1      0      0      0      0      0      0      0
      10      0      0      0      0      0]
 [     1    446      0      0      0      0      0      0     16      1
     150   1107    144      0      0      0   1237      0      0      0
     113      0      0      0      3      0]
 [     6     22      0      0      0      0      4      0     14      3
      84    343      8     37    180      0    267      4      0     29
       3      0      0      0    178      0]
 [    22   1637     13      0      0      0      0      0     23      0
     273    223     10      6      7      0    110      0      0      0
      14      0      0      0      0    906]]              precision    recall  f1-score   support

         1.0       0.46      0.03      0.06     11910
         2.0       0.58      0.86      0.69     69317
         3.0       0.32      0.69      0.44      6888
         4.0       0.53      0.20      0.29      9658
         5.0       0.29      0.06      0.10      5758
         6.0       0.00      0.00      0.00      4728
         7.0       0.37      0.04      0.07      6719
         8.0       0.41      0.01      0.01      4770
         9.0       0.33      0.41      0.36      4587
        10.0       0.10      0.01      0.02      4188
        11.0       0.83      0.93      0.88    171006
        12.0       0.56      0.56      0.56     60734
        13.0       0.39      0.39      0.39     27506
        14.0       0.64      0.78      0.70      7524
        15.0       0.55      0.59      0.57     12090
        16.0       0.00      0.00      0.00      3150
        17.0       0.43      0.57      0.49     57788
        18.0       0.18      0.02      0.03     11117
        19.0       0.00      0.00      0.00       812
        21.0       0.28      0.02      0.03      3820
        22.0       0.52      0.13      0.21     23060
        23.0       0.00      0.00      0.00      2810
        24.0       0.00      0.00      0.00       816
        25.0       0.00      0.00      0.00      3218
        26.0       0.34      0.15      0.21      1182
        27.0       0.58      0.28      0.38      3244

    accuracy                           0.62    518400
   macro avg       0.33      0.26      0.25    518400
weighted avg       0.58      0.62      0.58    518400
[[   395   7041    312      1    105      0      7      0    144     60
     569    945    315    297    301      0   1016      8      0      4
     121      0      0      0     39    287]
 [   161  59410   1035      0     19      0      0      0    308      0
     923   3797     51    559    225      0   2321      0      0      0
      70      0      0      0      0      0]
 [    10    661   4740     62    345      0    134      0    329      0
      26    231     39      0     13      0    231      0      0      0
      23      0      0      0      0      0]
 [    18    981    410   1894      4      0      0      2     59      0
      36     52    370     12     13      0   5636      0      0      0
     159      0      0      0      0      0]
 [     0    810   3700      1    371      0     32      0    582      0
       0    290      3      0      0      0     12      0      0      0
       6      0      0      0      0      0]
 [     0    614    176    215      3      0      0      0     46     42
      17     19   1123      0      0      0   2394      0      0      0
      14      0      0      0      0      0]
 [     9    825   3068     12    135      0    227      0   1269      1
     112    970     34      5     21      0     32      0      0      0
      45      0      0      0      0      0]
 [     0    374    259    136     11      3      0     24    159      0
      39    107    272      0      0      0   3419      0      0      0
      55      0      0      0      0      0]
 [     1   1823     47      3     83      0     41      3   1999      0
     103    249     96     14     38      0    128      0      0      0
     155      0      0      0      0      2]
 [     2    580    258     83    107      0      6      3    387     61
     306    832     87      1     17      0   1407      0      0      1
      85      0      0      0     17      0]
 [   133   4771      0      0      0      0      0      0     11     33
  158620   1350      0    201   3571      0   1844      0      0      1
      38      0      0      0     24    187]
 [     6   3890    358      5      3      0     75      0    148     84
   14583  34138    127    175    422      0   4529    248      0      4
    1274      0      0      0     65     24]
 [    14   4210     17    120      6     20      0      1     53      8
     137    457  10307    100     84      0  11410      0      0    110
      49      0      0      0    154      1]
 [     7    812      0      1      0      0      0      0      9      0
     340    199      6   5783     73      0     10    163      0      0
      17      0      0      0      0     63]
 [     0   1807     83     23     11      0     11      0     93      0
     445    491    120   1314   7451      0    475     63      0      9
      42      0      0      0     24      8]
 [     1    134      0      0      0      0      0      0      4     15
    1674   1202      1     25      8      0     35    192      0      0
       3      0      0      0      1      0]
 [    23   5078    222    952      6      9      1     37     77    200
    1986   1950  13502    233    585      0  33186      0      0     11
     117      0      0      0     12      8]
 [     0    654     82      0      0      0     10      0     35      3
    1418   6602     17    194    193      0   1450    189      0      0
     321      0      0      0      0      1]
 [     0    803      1      0      0      0      0      0      3      0
       0      0      2      0      0      0      5      0      0      0
       9      0      0      0      0     17]
 [     0   1430      0      1      1      0      0      0     31     12
     916    419     80     11      5      0    827      0      0     74
      37      0      0      0      0     11]
 [     0   3407    166      3      3      7     55      1    106     54
    7642   4276    388    182     73      0   3472    131      0      2
    2950      0      0      0      8      0]
 [     0    410    100      0      0      0      0      0      8      0
    1259    438      2      0      0      0    638      0      0      0
      72      0      0      0      0      0]
 [     0    779      0      0      0      0      0      0     11      0
       1      0      4      0      0      0      0      0      0      0
      16      0      0      0      0      0]
 [     1    433      0      0      0      0      0      0     19      0
     177   1053    105      0      0      0   1326      0      0      0
     113      0      0      0      5      1]
 [     8     34      0      0      0      0      2      0      8      0
      88    364     10     32    206      0    270      4      0     37
       8      0      0      0    150      0]
 [    20   1681      7      0      0      0      0      0     32      0
     238    231     12     10     11      0    125      0      0      1
      18      0      0      0      0    935]]              precision    recall  f1-score   support

         1.0       0.49      0.03      0.06     11967
         2.0       0.57      0.86      0.69     68879
         3.0       0.32      0.69      0.43      6844
         4.0       0.54      0.20      0.29      9646
         5.0       0.31      0.06      0.11      5807
         6.0       0.00      0.00      0.00      4663
         7.0       0.38      0.03      0.06      6765
         8.0       0.34      0.00      0.01      4858
         9.0       0.34      0.42      0.37      4785
        10.0       0.11      0.01      0.03      4240
        11.0       0.83      0.93      0.88    170784
        12.0       0.56      0.57      0.57     60158
        13.0       0.38      0.38      0.38     27258
        14.0       0.63      0.77      0.70      7483
        15.0       0.56      0.60      0.58     12470
        16.0       0.00      0.00      0.00      3295
        17.0       0.44      0.57      0.49     58195
        18.0       0.19      0.02      0.03     11169
        19.0       0.00      0.00      0.00       840
        21.0       0.29      0.02      0.04      3855
        22.0       0.51      0.13      0.21     22926
        23.0       0.00      0.00      0.00      2927
        24.0       0.00      0.00      0.00       811
        25.0       0.00      0.00      0.00      3233
        26.0       0.30      0.12      0.17      1221
        27.0       0.61      0.28      0.38      3321

    accuracy                           0.62    518400
   macro avg       0.33      0.26      0.25    518400
weighted avg       0.58      0.62      0.58    518400
[[   391   7130    320      0    108      0      5      0    159     68
     549    955    340    256    264      0    969      5      0      5
     111      0      0      0     26    312]
 [   151  59125   1016      1     17      0      0      0    318      0
     940   3905     50    584    230      0   2263      0      0      0
      68      0      0      0      0      0]
 [     8    636   4706     40    359      0    144      0    337      0
      17    244     33      0     11      0    229      0      0      0
      23      0      0      0      0      0]
 [    22   1011    430   1948      2      0      1      2     63      0
      45     57    361      7     15      0   5811      0      0      0
     171      0      0      0      1      0]
 [     0    821   3723      1    307      0     32      0    590      0
       0    298      5      0      0      0      7      0      0      0
       6      0      0      0      0      0]
 [     0    596    138    208      3      0      0      0     47     54
      17     18   1128      0      0      0   2345      0      0      0
       9      0      0      0      0      0]
 [     5    802   3023      6    133      0    236      2   1218      3
     124    960     32      3     28      0     30      0      0      0
      46      0      0      0      0      0]
 [     0    364    273    178     14      0      0     20    132      0
      50     92    263      0      1      0   3423      0      0      0
      16      0      0      0      0      0]
 [     0   1799     51      3     79      0     49      2   1986      2
      82    242    106      6     31      0    124      0      0      0
     143      0      0      0      0      3]
 [     0    532    291     97    107      0      4      4    412     60
     308    827     87      1     24      0   1359      0      0      0
      77      0      0      0     15      0]
 [   134   4845      0      0      0      0      0      0     17     39
  159613   1303      0    236   3485      0   1841      0      0      1
      33      0      0      0     28    173]
 [    14   3870    368      4      5      0     91      0    135     83
   14528  34565    140    191    389      0   4612    277      0      3
    1247      0      0      0     73     29]
 [    14   4154     25    132      4      0      0      0     51      9
     135    453  10412     99     92      0  11535      0      0    104
      45      0      0      0    142      6]
 [     9    745      0      1      1      0      0      0      6      0
     303    213      7   5823     61      0     12    154      0      0
      12      0      0      0      0     63]
 [     0   1773     75     25     18      0      8      0     78      1
     427    464    133   1300   7186      0    457     60      0     12
      35      0      0      0     15      8]
 [     0    114      0      0      1      0      0      0      6     20
    1647   1235      2     31      4      0     35    215      0      0
       5      0      0      0      0      0]
 [    20   5123    224    958      4      0      2     35     98    196
    1986   1843  13355    216    612      0  32559      0      0     13
     110      0      0      0      5     11]
 [     2    695     71      1      0      0     11      0     37      2
    1421   6415     19    163    188      0   1437    194      0      0
     290      0      0      0      1      1]
 [     0    787      0      0      0      0      0      0      7      0
       0      0      0      0      0      0      2      0      0      0
       6      0      0      0      0     11]
 [     1   1382      0      2      2      0      0      0     26     14
     881    375     89      3      3      0    877      0      0     75
      30      0      0      0      0     13]
 [     4   3560    172      5      2      0     61      2     99     39
    7743   4301    377    154     62      0   3547    106      0      0
    3148      0      0      0      9      0]
 [     0    378     86      0      0      0      0      0     11      1
    1162    445      4      0      0      0    657      0      0      0
      81      0      0      0      0      0]
 [     0    814      0      0      0      0      0      0      9      0
       1      0      3      0      0      0      0      0      0      0
      22      0      0      0      0      0]
 [     0    434      0      0      0      0      0      0     15      1
     173   1090    121      0      0      0   1250      0      0      0
      96      0      0      0      2      1]
 [     1     36      0      0      1      0      4      0     12      4
      79    336      6     26    187      0    280      6      0     32
       7      0      0      0    159      0]
 [    18   1673     13      0      0      0      0      0     31      0
     280    249      7     11     11      0    104      0      0      0
      19      0      0      0      0    954]]              precision    recall  f1-score   support

         1.0       0.49      0.03      0.06     11973
         2.0       0.57      0.86      0.69     68668
         3.0       0.31      0.69      0.43      6787
         4.0       0.54      0.20      0.29      9947
         5.0       0.26      0.05      0.09      5790
         6.0       0.00      0.00      0.00      4563
         7.0       0.36      0.04      0.06      6651
         8.0       0.30      0.00      0.01      4826
         9.0       0.34      0.42      0.37      4708
        10.0       0.10      0.01      0.02      4205
        11.0       0.83      0.93      0.88    171748
        12.0       0.57      0.57      0.57     60624
        13.0       0.38      0.38      0.38     27412
        14.0       0.64      0.79      0.70      7410
        15.0       0.56      0.60      0.58     12075
        16.0       0.00      0.00      0.00      3315
        17.0       0.43      0.57      0.49     57370
        18.0       0.19      0.02      0.03     10948
        19.0       0.00      0.00      0.00       813
        21.0       0.31      0.02      0.04      3773
        22.0       0.54      0.13      0.22     23391
        23.0       0.00      0.00      0.00      2825
        24.0       0.00      0.00      0.00       849
        25.0       0.00      0.00      0.00      3183
        26.0       0.33      0.14      0.19      1176
        27.0       0.60      0.28      0.39      3370

    accuracy                           0.62    518400
   macro avg       0.33      0.26      0.25    518400
weighted avg       0.58      0.62      0.58    518400
[[    70   3028      0      0     38      0     10    111    600    595
       1     29    121     15    131      0      0    238     15      0
       0      0     22]
 [     1 245863      0      0   3545      0     17    210  13831   3158
       0    928   5428      2     12      0      0     11      3     52
       0      0      1]
 [     0    123      0      0      0      0      0      0     63      0
       0      0     11      0      0      0      0      0      0      0
       0      0      0]
 [     0    295      0      3      0      0      0      0     45      0
       0      0      0      0      0      0      0      0      0      0
       0      0      0]
 [     0   3163      0      0   1661      0      1     54      0     15
       0     11      9      0      2      0      0      0      0      0
       0      0      0]
 [     0   3138      0      0    159    230      1     10      0      2
       0      0      0      0     29      0      0      0      0      0
       0      0      0]
 [     0   1004      0      0     29      1     18    261    338     50
       0     10     23      0     24      0      0      0      7      0
       0      0      0]
 [     6   3248      0      0     95      0     29   1008    859    620
       0     16     63     33    756      0      0      1     16      0
       0      0      0]
 [    24  14227      0      0      0      0      5     32  92601    165
       0      6     58   1006      3      0      0      2     22     32
       0      0      3]
 [     0  22301      0      0    232      1      1     84   1218  16114
       5    411    910   1563    500      0      0     11     35      9
       0      0      0]
 [     0   1322      0      0      0      0      0      0     16     55
     107      0      0      1      0      0      0      0      0      0
       0      0      0]
 [    36   1943      0      0      0      0      0     52     62    148
       0   1518    269      0     24      0      0      9      0      0
       0      0      1]
 [     5   2453      0      0      4      0      0     16    147    123
       0    121   5457      0     11      0      0     18      1      0
       0      0      0]
 [     0   4431      0      0     57      0      0     43   6559   4087
       0      2    376    369   1811      0      0      0      4      7
       0      0      0]
 [     0  10556      0      0     97     20      3     78    487   2049
       3      7     70    459   1752      0      0      0      0      4
       0      0      0]
 [     1    905      0      0      0      0      0      0    399   1277
      32     34     10    239      0      0      0      0      0      0
       0      0      0]
 [     0    192      0      0      0      0      0      0      0      0
       0      0      0      0      0      0      0      0      0      0
       0      0      7]
 [   161    293      0      0      0      0      0      0     37     13
       0      0      1      0      0      0      0   2135      0      0
       0      0      0]
 [     0   1124      0      0      0      0      0     36    618    296
       0      1      1      0      3      0      0     75     26      0
       0      0      1]
 [     0   6265      0      0     25     30      0      1   1350    257
       0     82     22    979      0      0      0      0      0     13
       0      0      0]
 [     0     55      0      0      0      0      0      0      0      0
       0      0      0      0      3      0      0      0      0      0
       0      0      0]
 [     0   1625      0      0      0      0      0      3     26   1061
       0      0      0      0      1      0      0      0      0      0
       0      0      0]
 [     1   3678      0      0      1      0      0     15    143      0
       2     24      0      0      2      0      0     12      0      0
       0      0    350]]              precision    recall  f1-score   support

         1.0       0.23      0.01      0.03      5024
         2.0       0.74      0.90      0.81    273062
         3.0       0.00      0.00      0.00       197
         4.0       1.00      0.01      0.02       343
         7.0       0.28      0.34      0.31      4916
         8.0       0.82      0.06      0.12      3569
         9.0       0.21      0.01      0.02      1765
        10.0       0.50      0.15      0.23      6750
        11.0       0.78      0.86      0.81    108186
        12.0       0.54      0.37      0.44     43395
        13.0       0.71      0.07      0.13      1501
        14.0       0.47      0.37      0.42      4062
        15.0       0.43      0.65      0.52      8356
        16.0       0.08      0.02      0.03     17746
        17.0       0.35      0.11      0.17     15585
        18.0       0.00      0.00      0.00      2897
        19.0       0.00      0.00      0.00       199
        20.0       0.85      0.81      0.83      2640
        21.0       0.20      0.01      0.02      2181
        22.0       0.11      0.00      0.00      9024
        23.0       0.00      0.00      0.00        58
        25.0       0.00      0.00      0.00      2716
        27.0       0.91      0.08      0.15      4228

    accuracy                           0.71    518400
   macro avg       0.40      0.21      0.22    518400
weighted avg       0.66      0.71      0.67    518400
[[    60   2980      0      0     33      0      4    111    568    609
       1     33    136      9    133      0      0    289      7      0
       0      0     14]
 [     0 245794      0      0   3451      0     16    204  13972   3231
       1    963   5469      2     13      0      0      9      4     41
       0      0      1]
 [     0    137      0      0      0      0      0      0     71      0
       0      0     10      0      0      0      0      0      0      0
       0      0      0]
 [     0    246      0      4      0      0      0      0     41      0
       0      0      0      0      0      0      0      0      0      0
       0      0      0]
 [     0   3206      0      0   1568      0      1     56      0     14
       0     17     10      0      5      0      0      0      0      0
       0      0      0]
 [     0   3192      0      0    172    229      5      6      0      9
       0      0      0      0     26      0      0      0      0      0
       0      0      0]
 [     0   1007      0      0     38      0     15    254    343     46
       0     13     22      0     24      0      0      0      6      0
       0      0      0]
 [     6   3222      0      0     95      0     35   1027    824    596
       0     12     66     35    743      0      0      1     13      0
       0      0      0]
 [    20  14099      0      0      0      0      1     28  92608    177
       0     12     52    997      3      0      0      8     14     34
       0      0      1]
 [     2  22591      0      0    250      1      1     81   1180  15843
       8    419    895   1535    516      0      0     18     34      7
       0      0      0]
 [     0   1324      0      0      0      0      0      0      8     45
     104      0      0      0      0      0      0      0      0      0
       0      0      0]
 [    29   1905      0      0      0      0      0     45     79    125
       0   1561    274      0     22      0      0     12      0      0
       0      0      1]
 [     1   2464      0      0      4      0      0     18    152    115
       0    110   5538      1     14      0      0     12      1      0
       0      0      0]
 [     0   4352      0      0     60      0      0     35   6618   3915
       0      5    376    366   1791      0      0      0      1      8
       0      0      0]
 [     0  10703      0      0     95     29      1     64    490   2085
       2      8     59    440   1830      0      0      0      0      4
       0      0      0]
 [     0    924      0      0      0      0      0      0    406   1272
      42     21      6    242      0      0      0      0      0      0
       0      0      0]
 [     0    204      0      0      0      0      0      0      0      0
       0      0      0      0      0      0      0      0      0      0
       0      0      5]
 [   193    278      0      0      0      0      0      0     29      7
       0      0      3      0      1      0      0   2181      0      0
       0      0      0]
 [     0   1102      0      0      0      0      0     30    614    286
       0      1      2      0      1      0      0     74     19      0
       0      0      0]
 [     0   6269      0      0     32     31      1      0   1402    277
       0     81     22    954      0      0      0      0      0     10
       0      0      0]
 [     0     61      0      0      0      0      0      0      0      0
       0      0      0      0      0      0      0      0      0      0
       0      0      0]
 [     0   1592      0      0      0      0      0      5     19   1050
       0      0      0      0      0      0      0      0      0      0
       0      0      0]
 [     0   3753      0      0      1      0      0     15    130      0
       1     38      0      0      3      0      0     13      0      0
       0      0    335]]              precision    recall  f1-score   support

         1.0       0.19      0.01      0.02      4987
         2.0       0.74      0.90      0.81    273171
         3.0       0.00      0.00      0.00       218
         4.0       1.00      0.01      0.03       291
         7.0       0.27      0.32      0.29      4877
         8.0       0.79      0.06      0.12      3639
         9.0       0.19      0.01      0.02      1768
        10.0       0.52      0.15      0.24      6675
        11.0       0.77      0.86      0.81    108054
        12.0       0.53      0.37      0.43     43381
        13.0       0.65      0.07      0.13      1481
        14.0       0.47      0.39      0.42      4053
        15.0       0.43      0.66      0.52      8430
        16.0       0.08      0.02      0.03     17527
        17.0       0.36      0.12      0.17     15810
        18.0       0.00      0.00      0.00      2913
        19.0       0.00      0.00      0.00       209
        20.0       0.83      0.81      0.82      2692
        21.0       0.19      0.01      0.02      2129
        22.0       0.10      0.00      0.00      9079
        23.0       0.00      0.00      0.00        61
        25.0       0.00      0.00      0.00      2666
        27.0       0.94      0.08      0.14      4289

    accuracy                           0.71    518400
   macro avg       0.39      0.21      0.22    518400
weighted avg       0.66      0.71      0.67    518400
[[    74   3058      0      0     32      0      5    121    602    593
       1     34    107      5    136      0      0    258     10      0
       0      0     13]
 [     0 245963      0      0   3499      0     17    192  14207   3177
       0    932   5409      4     15      1      0      8      4     50
       0      0      0]
 [     0    132      0      0      0      0      0      0     84      0
       0      0     11      0      0      0      0      0      0      0
       0      0      2]
 [     0    249      0      2      0      0      0      0     45      0
       0      0      0      0      0      0      0      0      0      0
       0      0      0]
 [     0   3191      0      0   1589      0      1     51      0     17
       0     16      9      0      4      0      0      0      0      0
       0      0      0]
 [     0   3197      0      0    186    221      5      7      0      2
       0      0      0      0     28      0      0      0      0      0
       0      0      0]
 [     0   1007      0      0     51      0     18    268    313     45
       0     13     22      0     28      0      0      0     10      0
       0      0      0]
 [     7   3235      0      0     86      0     48   1059    851    606
       0     10     57     31    759      0      0      2     13      0
       0      0      0]
 [    17  14016      0      0      0      0      6     26  92810    180
       0     10     52    990      4      0      0      6     17     29
       0      0      0]
 [     1  22479      0      0    245      0      0     84   1185  15873
      10    371    930   1528    531      0      0     22     47      2
       0      0      0]
 [     0   1333      0      0      0      0      0      0     10     47
     119      0      0      1      0      0      0      0      0      0
       0      0      0]
 [    30   1794      0      0      0      0      0     49     71    145
       0   1618    299      0     23      0      0      3      0      0
       0      0      2]
 [     5   2416      0      0      4      0      0     22    153    111
       0    149   5414      0     16      0      0     19      1      0
       0      0      1]
 [     0   4334      0      0     43      0      0     40   6464   4165
       0      4    376    343   1875      0      0      0      1      7
       0      0      0]
 [     0  10565      0      0    104     29      3     71    462   2091
       1     14     58    431   1762      0      0      0      0      2
       0      0      0]
 [     1    964      0      0      0      0      0      0    414   1232
      31     23      5    231      0      0      0      0      0      0
       0      0      0]
 [     0    190      0      0      0      0      0      0      0      0
       0      0      0      0      0      0      0      0      0      0
       0      0      8]
 [   168    290      0      0      0      0      0      1     32     16
       0      0      3      0      1      0      0   2121      2      0
       0      0      0]
 [     0   1125      0      0      0      0      0     27    621    299
       0      1      1      0      2      0      0     70     28      0
       0      0      1]
 [     0   6205      0      0     38     30      0      0   1353    269
       0     85     15    904      1      0      0      0      0      6
       0      0      1]
 [     0     55      0      0      0      0      0      0      0      0
       0      0      0      0      1      0      0      0      0      0
       0      0      0]
 [     0   1562      0      0      0      0      0      3     20   1052
       0      0      0      0      0      0      0      0      0      0
       0      0      0]
 [     4   3648      0      0      0      0      0     19    134      2
       1     47      0      0      4      0      0     12      0      0
       0      0    335]]              precision    recall  f1-score   support

         1.0       0.24      0.01      0.03      5049
         2.0       0.74      0.90      0.81    273478
         3.0       0.00      0.00      0.00       229
         4.0       1.00      0.01      0.01       296
         7.0       0.27      0.33      0.30      4878
         8.0       0.79      0.06      0.11      3646
         9.0       0.17      0.01      0.02      1775
        10.0       0.52      0.16      0.24      6764
        11.0       0.77      0.86      0.81    108163
        12.0       0.53      0.37      0.43     43308
        13.0       0.73      0.08      0.14      1510
        14.0       0.49      0.40      0.44      4034
        15.0       0.42      0.65      0.51      8311
        16.0       0.08      0.02      0.03     17652
        17.0       0.34      0.11      0.17     15593
        18.0       0.00      0.00      0.00      2901
        19.0       0.00      0.00      0.00       198
        20.0       0.84      0.81      0.82      2634
        21.0       0.21      0.01      0.02      2175
        22.0       0.06      0.00      0.00      8907
        23.0       0.00      0.00      0.00        56
        25.0       0.00      0.00      0.00      2637
        27.0       0.92      0.08      0.15      4206

    accuracy                           0.71    518400
   macro avg       0.40      0.21      0.22    518400
weighted avg       0.66      0.71      0.67    518400
