[[   804   6947     84     10     12      0    394      0    131      0
    1185   1177     29    148    109      0    788      3      0      0
      35      0      0     35      0      0]
 [   134  59652    207      0    472      0    904      0    134      0
    1854   4224    148    556    234      0    568      0      0      0
     164      0      0    111      0      0]
 [   333    648   4936     58      0      0     30      0    317      0
      75    179      0      0      0      0    216      0      0      0
       0      0      0      0      0      0]
 [    20   1177    444   1861      0      0      0      0     53      0
      47     54      0      2      3      0   6262      0      0      0
      14      0      0      0      0      0]
 [     0   1152   1668      2   2027      0     56      0    554      0
       0    355      0      0      0      0     14      0      0      0
       0      0      0      0      0      0]
 [     0    613     11    221    157      0      0      0     34      0
      20     20      5      0      0      0   3527      0      0      0
       0      0      0      0      0      0]
 [     0   1361      0      0     76      0   3570      5    908      0
       0    602     36      6     14      0     21      0      0      0
      21      0      0      8      0      0]
 [     0    444      0      0      0      0    437    109     16      0
       0    124   2870      0      0      0   1011      0      0      0
       0      0      0      0      0      0]
 [    27   2058     41      5      0      0    322      0   1612      0
     110    359      6      2     22      0    133      0      0      0
      11      0      0     18      0      0]
 [     3    711    266     57     49      0    251     34    205      0
     323    833    184      1     24      0   1191      0      0      0
      65      0      0      0      0      0]
 [    26   4249     22      0      0      0      0      0     15      0
  162990   1262      0    207    710      0    366      0      0      0
       0      0      0    210      0      0]
 [     9   4101    591      9    104      0    370      0    113      0
   11638  37347     69    441    196      0   4257      0      0      0
    1391      0      0    122      0      0]
 [     0   4213      3   1039      0      0     30    115     22      0
     177    671   2749    170     81      0  18172      0      0      0
     127      0      0      4      0      0]
 [     3   1043      0      0      0      0      0      0     25      0
     334    275      0   5564     98      0     15      0      0      0
       0      0      0    113      0      0]
 [     3   2072     49      0      1      0    121     51     90      0
    1140    527     10   1411   6458      0    337      0      0      0
      39      0      0     18      0      0]
 [     4    118     27      0      0      0      0      0      2      0
     251   2678      0    211      8      0      6      0      0      0
       0      0      0     45      0      0]
 [     9   5149    424   1673      0      0    256    285     71      0
    2168   2433   4355    135    522      0  40078      0      0      0
     270      0      0     50      0      0]
 [     1    634      2      1     58      0     66      0      1      0
     849   7165     12    325     56      0   1349      0      0      0
     440      0      0     29      0      0]
 [     0    792      1      0      0      0      0      0      4      0
       0      0      0      0      0      0      6      0      0      0
       0      0      0      0      0      0]
 [     4   1500     17      0      0      0      0      0     37      0
    1620    428      1      0      0      0    149      0      0      0
       6      0      0     57      0      0]
 [     3   3565    332      2      0      0    195      3     43      0
    3698   4450    256    247     42      0   3333      0      0      0
    6894      0      0      1      0      0]
 [     4    427     21      0    102      0      0      0     12      0
    1063    651      0      0      0      0    517      0      0      0
      67      0      0      0      0      0]
 [     0    739      0      0      0      0      0      0      7      0
       0      0      0      0      0      0      0      0      0      0
       0      0      0      0      0      0]
 [     1    322      0      0      0      0      8      6     10      0
     215   1120      0      0      0      0   1246      0      0      0
      84      0      0    203      0      0]
 [     0     33      0      0      0      0      0      0     39      0
     179    484      0     30    211      0    187      0      0      0
       4      0      0      7      0      0]
 [    74   2360      7      0      1      0     47      0     40      0
     360    377      2      4     10      0      5      0      0      0
      10      0      0     36      0      1]]              precision    recall  f1-score   support

         1.0       0.55      0.07      0.12     11891
         2.0       0.56      0.86      0.68     69362
         3.0       0.54      0.73      0.62      6792
         4.0       0.38      0.19      0.25      9937
         5.0       0.66      0.35      0.46      5828
         6.0       0.00      0.00      0.00      4608
         7.0       0.51      0.54      0.52      6628
         8.0       0.18      0.02      0.04      5011
         9.0       0.36      0.34      0.35      4726
        10.0       0.00      0.00      0.00      4197
        11.0       0.86      0.96      0.90    170057
        12.0       0.55      0.61      0.58     60758
        13.0       0.26      0.10      0.14     27573
        14.0       0.59      0.74      0.66      7470
        15.0       0.73      0.52      0.61     12327
        16.0       0.00      0.00      0.00      3350
        17.0       0.48      0.69      0.57     57878
        18.0       0.00      0.00      0.00     10988
        19.0       0.00      0.00      0.00       803
        21.0       0.00      0.00      0.00      3819
        22.0       0.71      0.30      0.42     23064
        23.0       0.00      0.00      0.00      2864
        24.0       0.00      0.00      0.00       746
        25.0       0.19      0.06      0.09      3215
        26.0       0.00      0.00      0.00      1174
        27.0       1.00      0.00      0.00      3334

    accuracy                           0.65    518400
   macro avg       0.35      0.27      0.27    518400
weighted avg       0.60      0.65      0.60    518400
[[   601   7298     61     13      8      0    207      0     91      0
    1359   1208      6    200    113      0    762      0      0      0
      21      0      0     25      0      0]
 [    76  59669    190      0      3      0    529      0    101      0
    1729   4588      2    573    221      0    699      0      0      0
     171      0      0    117      0      0]
 [   304    697   4875     38      0      0     16      0    320      0
      76    203      0      0      3      0    255      0      0      0
       0      0      0      0      0      0]
 [     1   1151    456   1884      0      0      0      0     63      0
      48     47      0      2      9      0   6253      0      0      0
      17      0      0     16      0      0]
 [     0   2572   1666      1    596      0     67      0    538      0
       0    337      0      0      0      0     12      0      0      0
       0      0      0      1      0      0]
 [     0    723     12    194     16      0      2      0     41      0
      17     16      0      0      0      0   3542      0      0      0
       0      0      0      0      0      0]
 [     0   2769      0      0     31      0   2518      0    255      0
       0    957      4      4     22      0     66      0      0      0
      18      0      0      7      0      0]
 [     0    529      0      0      0      0    281      7      0      0
       0    137    673      0      0      0   3199      0      0      0
       0      0      0      0      0      0]
 [    18   2161     51      5      0      0    304      0   1367      0
      84    410      5      4     21      0    161      0      0      0
      34      0      0     83      0      0]
 [     2    807    259     66      3      0    173      0    155      0
     327    967     11      1     14      0   1362      0      0      0
      58      0      0      0      0      0]
 [    16   4250     30      0      0      0      0      0      8      0
  164635   1228      0    235    707      0    331      0      0      0
       6      0      0    302      0      0]
 [     3   4191    539      5      5      0    285      0     75      0
   12061  37310     17    506    190      0   3970      0      0      0
    1332      0      0    135      0      0]
 [     0   4249      1    989      0      0     27      0     22      0
     184    605   2803    161     91      0  18150      0      0      0
     130      0      0      0      0      0]
 [     0   1007      0      0      0      0      0      0      5      0
     309    286      0   5609     97      0     15      0      0      0
       0      0      0     82      0      0]
 [     0   2029     38      0      0      0     47      0     66      0
     998    505      3   1501   6482      0    333      0      0      0
      54      0      0     19      0      0]
 [     0    119     21      0      0      0      0      0      2      0
     242   2635      0    240      4      0      6      0      0      0
       0      0      0     46      0      0]
 [     1   5245    453   1621      0      0    249      1     80      0
    2155   2362   3799    180    586      0  40351      0      0      0
     225      0      0     62      0      0]
 [     0    712      0      0     35      0     57      0      2      0
     838   7078      0    357     39      0   1349      0      0      0
     430      0      0     51      0      0]
 [     0    811      0      0      0      0      0      0      0      0
       0      0      0      0      0      0      2      0      0      0
       0      0      0      0      0      0]
 [     0   1435      2      0      0      0      0      0     16      0
    1656    391      0      0      3      0    196      0      0      0
       9      0      0     65      0      0]
 [     0   3640    322      5      0      0    171      0     29      0
    3694   4561    183    254     42      0   3470      0      0      0
    6993      0      0     27      0      0]
 [     0    457     16      0     10      0      0      0     11      0
    1066    667      0      0      0      0    536      0      0      0
      62      0      0      0      0      0]
 [     0    839      0      0      0      0      0      0      9      0
       0      0      0      0      0      0      0      0      0      0
       1      0      0      0      0      0]
 [     0    257      0      0      0      0      4      0     10      0
     236   1093      0      0      0      0   1290      0      0      0
      74      0      0    219      0      0]
 [     0     42      0      0      0      0      5      0      6      0
     209    609      0     27     77      0    183      0      0      0
       0      0      0     18      0      0]
 [    41   2310      1      0      4      0     45      0     20      0
     363    421      4     10     12      0      6      0      0      0
       5      0      0    128      0      0]]              precision    recall  f1-score   support

         1.0       0.57      0.05      0.09     11973
         2.0       0.54      0.87      0.67     68668
         3.0       0.54      0.72      0.62      6787
         4.0       0.39      0.19      0.26      9947
         5.0       0.84      0.10      0.18      5790
         6.0       0.00      0.00      0.00      4563
         7.0       0.50      0.38      0.43      6651
         8.0       0.88      0.00      0.00      4826
         9.0       0.42      0.29      0.34      4708
        10.0       0.00      0.00      0.00      4205
        11.0       0.86      0.96      0.90    171748
        12.0       0.54      0.62      0.58     60624
        13.0       0.37      0.10      0.16     27412
        14.0       0.57      0.76      0.65      7410
        15.0       0.74      0.54      0.62     12075
        16.0       0.00      0.00      0.00      3315
        17.0       0.47      0.70      0.56     57370
        18.0       0.00      0.00      0.00     10948
        19.0       0.00      0.00      0.00       813
        21.0       0.00      0.00      0.00      3773
        22.0       0.73      0.30      0.42     23391
        23.0       0.00      0.00      0.00      2825
        24.0       0.00      0.00      0.00       849
        25.0       0.16      0.07      0.10      3183
        26.0       0.00      0.00      0.00      1176
        27.0       0.00      0.00      0.00      3370

    accuracy                           0.65    518400
   macro avg       0.35      0.26      0.25    518400
weighted avg       0.60      0.65      0.60    518400
[[     0   4063      0      0      0      0      0     32    559    283
       0      0     20      2      9      0      0      1      0     18
       0      0      0]
 [     0 257991      0      0   1645      1      0     29  10618   1543
       0     22    740      3    448      0      0      0      0    131
       0      0      0]
 [     0    127      0      0      0      0      0      1     80      0
       0      0     10      0      0      0      0      0      0      0
       0      0      0]
 [     0    202      0      0      0      0      0      0     89      0
       0      0      0      0      0      0      0      0      0      0
       0      0      0]
 [     0   3236      0      0   1385     11      0     21      0    179
       0      3      7      0     35      0      0      0      0      0
       0      0      0]
 [     0   1596      0      0    163   1677      0      0      0      9
       0      0      0      0    194      0      0      0      0      0
       0      0      0]
 [     0   1232      0      0      0     29      0     86    341     34
       0      8     15      0     22      0      0      0      0      1
       0      0      0]
 [     0   3564      0      0     11    175      0    486   1330    533
       0     14     67     14    475      0      0      0      0      6
       0      0      0]
 [     0  13828      0      0      0      0      0      2  92949      3
       0      0     45    754     29      0      0      0      0    444
       0      0      0]
 [     0  16526      0      0    109      3      0     11   1220  22310
       0    359    618    819    712      0      0      0      0    694
       0      0      0]
 [     0    473      0      0      0     10      0      0      0    932
       0      0      0      0     12      0      0      0      0     54
       0      0      0]
 [     0   1947      0      0      0      0      0      0    416    325
       0   1050    314      0      1      0      0      0      0      0
       0      0      0]
 [     0   2404      0      0      3      0      0      2    248    123
       0     56   5561      1     32      0      0      0      0      0
       0      0      0]
 [     0   4655      0      0      0      0      0      9   7202   4855
       0      5    355    406     40      0      0      0      0      0
       0      0      0]
 [     0   7969      0      0     73     33      0     25   1802   2347
       0      0     25    788   2500      0      0      0      0    248
       0      0      0]
 [     0    541      0      0      0      0      0      0    408   1699
       0     15      6    244      0      0      0      0      0      0
       0      0      0]
 [     0    209      0      0      0      0      0      0      0      0
       0      0      0      0      0      0      0      0      0      0
       0      0      0]
 [     0   2291      0      0      0      0      0      0    210     65
       0      0      3     25      1      0      0     37      0      0
       0     60      0]
 [     0   1350      0      0      0      0      0     13    578    185
       0      0      0      0      0      0      0      2      0      1
       0      0      0]
 [     0   6142      0      0     35     79      0      3    548    692
       0     15     12    786     40      0      0      0      0    727
       0      0      0]
 [     0     61      0      0      0      0      0      0      0      0
       0      0      0      0      0      0      0      0      0      0
       0      0      0]
 [     0    876      0      0      0      0      0      5     52   1067
       0      0      0      0    666      0      0      0      0      0
       0      0      0]
 [     0   4121      0      0      1      0      0      0    141     22
       0      0      0      0      4      0      0      0      0      0
       0      0      0]]              precision    recall  f1-score   support

         1.0       0.00      0.00      0.00      4987
         2.0       0.77      0.94      0.85    273171
         3.0       0.00      0.00      0.00       218
         4.0       0.00      0.00      0.00       291
         7.0       0.40      0.28      0.33      4877
         8.0       0.83      0.46      0.59      3639
         9.0       0.00      0.00      0.00      1768
        10.0       0.67      0.07      0.13      6675
        11.0       0.78      0.86      0.82    108054
        12.0       0.60      0.51      0.55     43381
        13.0       0.00      0.00      0.00      1481
        14.0       0.68      0.26      0.37      4053
        15.0       0.71      0.66      0.69      8430
        16.0       0.11      0.02      0.04     17527
        17.0       0.48      0.16      0.24     15810
        18.0       0.00      0.00      0.00      2913
        19.0       0.00      0.00      0.00       209
        20.0       0.93      0.01      0.03      2692
        21.0       0.00      0.00      0.00      2129
        22.0       0.31      0.08      0.13      9079
        23.0       0.00      0.00      0.00        61
        25.0       0.00      0.00      0.00      2666
        27.0       0.00      0.00      0.00      4289

    accuracy                           0.75    518400
   macro avg       0.32      0.19      0.21    518400
weighted avg       0.68      0.75      0.70    518400
[[     0   3976      0      0     25      0      0     21    597    303
       0      5     15      3      8      0      0     88      0      8
       0      0      0]
 [     0 258831      0      0   1680     39      0     15  10731   1341
       0      0    729      5    107      0      0      0      0      0
       0      0      0]
 [     0    127      0      0      0      0      0      0     91      0
       0      0     11      0      0      0      0      0      0      0
       0      0      0]
 [     0    198      0      0      0      0      0      0     98      0
       0      0      0      0      0      0      0      0      0      0
       0      0      0]
 [     0   3277      0      0   1393     16      0     20      0    165
       0      0      7      0      0      0      0      0      0      0
       0      0      0]
 [     0   1587      0      0    175   1859      0      0      0      1
       0      0      0      0     24      0      0      0      0      0
       0      0      0]
 [     0   1281      0      0      0     31      0     94    304     37
       0     13     14      0      1      0      0      0      0      0
       0      0      0]
 [     0   3684      0      0      9    172      0    430   1385    456
       0      9     66     28    517      0      0      0      0      8
       0      0      0]
 [     0  13768      0      0      0      0      0      6  93142      7
       0      0     43    776      0      0      0      0      0    421
       0      0      0]
 [     0  16529      0      0    108     48      0     13   1081  22897
       0    322    635   1111    286      0      0      0      0    278
       0      0      0]
 [     0    539      0      0      0     10      0      0      0    912
       0      0      0      0      8      0      0      0      0     41
       0      0      0]
 [     0   1977      0      0      0      0      0      0    402    357
       0    951    317      0      0      0      0     30      0      0
       0      0      0]
 [     0   2628      0      0      4      0      0      4    246    146
       0     49   5198      0     25      0      0     11      0      0
       0      0      0]
 [     0   4707      0      0      0      0      0      3   7030   5123
       0      4    361    375     49      0      0      0      0      0
       0      0      0]
 [     0   7753      0      0    104    303      0     29   1779   3472
       0      0     27    747   1360      0      0      0      0     19
       0      0      0]
 [     0    586      0      0      0      0      0      0    416   1643
       0     18      5    233      0      0      0      0      0      0
       0      0      0]
 [     0    198      0      0      0      0      0      0      0      0
       0      0      0      0      0      0      0      0      0      0
       0      0      0]
 [     0    744      0      0      0      0      0      1    217     55
       0      0      3     27      0      0      0   1587      0      0
       0      0      0]
 [     0   1335      0      0      0      0      0     12    605    178
       0      0      0      0      0      0      0     44      0      1
       0      0      0]
 [     0   6218      0      0     39     90      0      3    471    925
       0     18      5    877     41      0      0      0      0    220
       0      0      0]
 [     0     56      0      0      0      0      0      0      0      0
       0      0      0      0      0      0      0      0      0      0
       0      0      0]
 [     0    878      0      0      0      0      0      3     58   1050
       0      0      0      0    648      0      0      0      0      0
       0      0      0]
 [     0   4040      0      0      2      0      0      1    132     24
       0      0      0      0      0      0      0      7      0      0
       0      0      0]]              precision    recall  f1-score   support

         1.0       0.00      0.00      0.00      5049
         2.0       0.77      0.95      0.85    273478
         3.0       0.00      0.00      0.00       229
         4.0       0.00      0.00      0.00       296
         7.0       0.39      0.29      0.33      4878
         8.0       0.72      0.51      0.60      3646
         9.0       0.00      0.00      0.00      1775
        10.0       0.66      0.06      0.12      6764
        11.0       0.78      0.86      0.82    108163
        12.0       0.59      0.53      0.56     43308
        13.0       0.00      0.00      0.00      1510
        14.0       0.68      0.24      0.35      4034
        15.0       0.70      0.63      0.66      8311
        16.0       0.09      0.02      0.03     17652
        17.0       0.44      0.09      0.15     15593
        18.0       0.00      0.00      0.00      2901
        19.0       0.00      0.00      0.00       198
        20.0       0.90      0.60      0.72      2634
        21.0       0.00      0.00      0.00      2175
        22.0       0.22      0.02      0.04      8907
        23.0       0.00      0.00      0.00        56
        25.0       0.00      0.00      0.00      2637
        27.0       0.00      0.00      0.00      4206

    accuracy                           0.75    518400
   macro avg       0.30      0.21      0.23    518400
weighted avg       0.68      0.75      0.70    518400
