[[  2805   4773     17    186     56      0    408      0     75    108
    2057    361     41     70     65      1    560     14      0    174
     145     12      0      3     42     76]
 [    99  64731    117     14    502      0    565      0     80     15
    1834    321     13      6     11      0    198     42      0      4
     371      0      0      1      0     21]
 [    11     82   4772     61    846      0      0      0    316      0
     531     54      2      0     34      0     14      4      0      0
      43      0      0      0      0      0]
 [    26    355    345   6508    127      0      0      0     69      0
     539     36   1282      0      1      0    450     39      0      0
       2      0      0      1      0      0]
 [    13    985      0      3   4177      2     84      0    486     18
       0      3      2      0      0      0      3     56      0      0
       1      0      0      0      0      0]
 [     0    603      0     15    166    493      0      0     42      0
       0     16    766      0      1      0   2384      0      0      4
      38      0      0      0      0      0]
 [    51    484      0      0     53      0   5751     51      6     25
       0    187      3      1      0      0     62      7      0      0
      17      0      0      1      0      0]
 [     0    113      0      0      0      0     59   3584     92      7
       0     44     23      0      0      0    881      0      0      0
       9      0      0      0      0      0]
 [    12   1250     59     51     61      0    208     55   2029     81
     409    107     17      0     16      0    127      4      0     62
     100      0      0      0      0      6]
 [     8    493     93    232    189      0    179      0    159   1052
      49    624    195      1     32      0    743     18      0     60
      67      2      0     10     16      0]
 [    57    482     13      2      0      0      0      0      2      2
  167460   1551     21      0      5      0    216     22      0    645
     148     46      0      6      0      5]
 [   207   2874    207     19    129      0    271    123     82     30
    5117  48539    183      1     32      0   1096    268      0     99
    1148     25      0     91     30     31]
 [    38   3855      0    348      1      4     33      4     35      1
     190    165  10643      1      1      0  12102     17      0     57
     120      1      0      0      0      3]
 [    19    833      0      7      0      0     89      0     11      2
      11      3     11   6460     32      0     49      2      0     18
       6      0      0      2      0     49]
 [   123   1230      5     10      2      0    134      0     79     10
     829    128     80    902   8069      0    247      5      0    224
     145     20      0     13      7     11]
 [     2    106      4      0      0      0      0      0      1      0
      69   2943      1      0      0    114      9     14      0      0
      18      0      0      0      0      0]
 [   344   4285     52   2050     13     42    302     34     77     67
     845   2253   6541      0     10      4  39829     15      0    389
     902     35      0      7      1     21]
 [    78    552      0      0      0      0     75      0      6     12
     527   6835      1      0      4      5    484   2105      0     11
     177      0      0      8      0      0]
 [     0    751      0      4      1      0      6      0      3      0
       0      0      0      0      2      0      4      0      0      0
       0      0      0      0      0     10]
 [    48   1426      3      7      1      0      9     44     12     22
     579     85     21      0     19      0    159      0      0   1006
     274      0      0      1      0     16]
 [   118   3248    150     18      0      0    130     25     54     71
    1120   3803    270      4     13      0   1474    203      0    126
   12199      0      0     62      1      3]
 [     0    422      1      2     94      0      0      0      9      6
     766    856    273      0      0      0    113      0      0    141
       0    217      0      0      0      0]
 [     0    802      0     18      0      0      0      0      7      0
       0      0      0      0      2      0      0      0      0      0
       0      0      0      0      0      0]
 [     4      3      0      0      0      0      0      0      0      8
      27    231      9      0      0      0     17      2      0      5
      17      0      0   2982      0      0]
 [    31     32      0      1      4      0      2      0      4     50
       0    152     10     19     14      0    120     15      0      0
      47      0      0     30    673     18]
 [    61   1387      1      3      1      1     30      0     22      0
     203    313      0      1      3      0     54      0      0     23
      49      0      0      1      2   1032]]              precision    recall  f1-score   support

         1.0       0.68      0.23      0.35     12049
         2.0       0.67      0.94      0.78     68945
         3.0       0.82      0.70      0.76      6770
         4.0       0.68      0.67      0.67      9780
         5.0       0.65      0.72      0.68      5833
         6.0       0.91      0.11      0.19      4528
         7.0       0.69      0.86      0.77      6699
         8.0       0.91      0.74      0.82      4812
         9.0       0.54      0.44      0.48      4654
        10.0       0.66      0.25      0.36      4222
        11.0       0.91      0.98      0.95    170683
        12.0       0.70      0.80      0.75     60602
        13.0       0.52      0.39      0.44     27619
        14.0       0.87      0.85      0.86      7604
        15.0       0.96      0.66      0.78     12273
        16.0       0.92      0.03      0.07      3281
        17.0       0.65      0.69      0.67     58118
        18.0       0.74      0.19      0.31     10880
        19.0       0.00      0.00      0.00       781
        21.0       0.33      0.27      0.30      3732
        22.0       0.76      0.53      0.62     23092
        23.0       0.61      0.07      0.13      2900
        24.0       0.00      0.00      0.00       829
        25.0       0.93      0.90      0.91      3305
        26.0       0.87      0.55      0.68      1222
        27.0       0.79      0.32      0.46      3187

    accuracy                           0.77    518400
   macro avg       0.68      0.50      0.53    518400
weighted avg       0.76      0.77      0.75    518400
