 [[  2854   4899     20    188     52      0    360      0     78    105
    2002    323     40     58     67      0    579      9      0     67
     124      0      0      5     40     60]
 [    91  64980    156     17    500      0    380      0     83     22
    1787    383     51      8      9      0     82     43      0      9
     387      0      0      0      0     11]
 [     3     65   4881     79    869      0      0      0    282      0
     573     12      2      0     21      0     14      0      0      0
      41      0      0      0      0      0]
 [    28    385    367   6465    103      0      0      0     67      0
     519     25   1270      0      8      0    432      0      0      0
       2      0      0      0      0      0]
 [     0   1045      4      5   4184      3     75      0    514     17
       0      2      2      0      0      0      2     51      0      0
       1      0      0      0      0      0]
 [     0    588      0     14    160    497      0      0     48      0
       0     18    822      0      0      0   2529      0      0      7
      38      0      0      0      0      0]
 [    49    733      0      0     63      0   5573     50     23     20
       0    169     13      0      1      0    175      4      0      0
      29      0      0      0      0      1]
 [     0    137      0      0      0      0     41   3596     97      4
       0     34     26      0      0      0    867      0      0      0
       7      0      0      0      0      0]
 [    11   1244     76     51     87      0    197     41   2090     60
     438     96     24      0     23      0    141      0      0     60
      83      0      0      0      0      7]
 [    10    556     81    243    233      0    108      0    205   1016
      52    666    232      1     30      0    762     19      0     53
      57      0      0     10     17      0]
 [    75    531      8      0      0      0      0      0      2      0
  167641   1282      2      0      9      0    230     14      0    635
     133     45      0      6      0      7]
 [   204   2995    204     25     98      0    157    103     82     17
    5224  48503    182      1      9      0   1150    240      0     54
    1201      0      0     48     25     26]
 [    46   3795      0    330      3      1     26      3     41      0
     170    138  10469      3      2      0  12029     18      0     23
     124      0      0      0      0      2]
 [    12    829      2      4      0      0    106      0     11      1
      12      3     13   6501     20      0     49      0      0     23
       5      0      0      0      1     58]
 [   183   1285      3      9      1      0     96      0     74      7
     824    138     30    825   7950      1    287      2      0    152
     160      0      0     17     18      9]
 [     1     93      4      0      0      0      0      0      0      0
      65   2961      2      0      1    107      9     18      0      0
      24      0      0      0      0      0]
 [   420   4363     49   2056     13     38    181     30     90     69
     832   2290   6656      0     11      3  39878     10      0    333
     842     10      0     13      1     19]
 [    78    548     11     25      0      0     75      0      3     13
     604   6831      2      3      1     10    563   2022      0      6
     173      0      0      5     16      2]
 [     0    778      0      2      1      0      7      0      4      0
       0      0      0      0      0      0      9      0      0      0
       0      0      0      0      0     13]
 [   157   1377      1      8      2      0      6     46     14     17
     600     92     30      0     12      0    156      0      0    950
     294      0      0      2      0     10]
 [   143   3324    137     20      4      0     83     38     89     69
    1162   3917    265      3      4      0   1506    201      0     77
   12035      0      0     13      3      1]
 [     0    364      1      1    102      0      0      0     13     12
     764    870    266      0      0      0    160      0      0    129
       0    247      0      0      0      0]
 [     0    780      0     20      0      0      0      0      6      0
       0      0      0      0      0      0      0      0      0      1
       0      0      0      0      0      0]
 [     5      1      0      0      0      0      0      0      0      7
      29    266      4      0      0      0     17      1      0     10
      19      0      0   2704      0      0]
 [    24     24      0      1      7      0      1      0      5     50
       2    151      6     24      9      0     91      1      0      0
      49      0      0     37    665     21]
 [    98   1413      0      7      2      0     23      0     19      0
     210    334      0      0      1      0     67      0      0      0
      65      0      0      0      2   1055]]              precision    recall  f1-score   support

         1.0       0.64      0.24      0.35     11930
         2.0       0.67      0.94      0.78     68999
         3.0       0.81      0.71      0.76      6842
         4.0       0.68      0.67      0.67      9671
         5.0       0.65      0.71      0.68      5905
         6.0       0.92      0.11      0.19      4721
         7.0       0.74      0.81      0.77      6903
         8.0       0.92      0.75      0.83      4809
         9.0       0.53      0.44      0.48      4729
        10.0       0.67      0.23      0.35      4351
        11.0       0.91      0.98      0.95    170620
        12.0       0.70      0.80      0.75     60548
        13.0       0.51      0.38      0.44     27223
        14.0       0.88      0.85      0.86      7650
        15.0       0.97      0.66      0.78     12071
        16.0       0.88      0.03      0.06      3285
        17.0       0.65      0.69      0.66     58207
        18.0       0.76      0.18      0.30     10991
        19.0       0.00      0.00      0.00       814
        21.0       0.37      0.25      0.30      3774
        22.0       0.76      0.52      0.62     23094
        23.0       0.82      0.08      0.15      2929
        24.0       0.00      0.00      0.00       807
        25.0       0.95      0.88      0.91      3063
        26.0       0.84      0.57      0.68      1168
        27.0       0.81      0.32      0.46      3296

    accuracy                           0.77    518400
   macro avg       0.69      0.49      0.53    518400
weighted avg       0.76      0.77      0.74    518400
[[  2704   4849     20    202     72      0    368      0     79     92
    2107    292     39     64     79      1    614     18      0    130
     121      0      0      5     40     77]
 [    82  64512    147     14    489      0    539      2     89     13
    1837    386     17     12      6      0     82     41      0      5
     377      0      0      0      0     18]
 [    13     81   4799     64    893      0      0      0    305      0
     550     10      0      0     20      0     17      0      0      0
      35      0      0      0      0      0]
 [    29    382    385   6603     97      0      0      0     74      0
     576     25   1327      0      1      0    446      0      0      0
       2      0      0      0      0      0]
 [     1    940     11      2   4140      2     85      0    514     22
       0      0      1      0      0      0      5     60      0      0
       0      0      0      0      7      0]
 [     0    611      1      9    141    509      0      0     51      0
       0     18    779      0      0      0   2396      0      0      8
      38      0      0      0      2      0]
 [    43    541      0      0     59      0   5537     61      8     12
       0    203      2      1      0      0    158      6      0      0
      20      0      0      0      0      0]
 [     0    142      0      0      0      0     44   3636     80      8
       0     36     26      0      0      0    848      0      0      0
       6      0      0      0      0      0]
 [    10   1271     83     58     70     19    203     50   2011     80
     454     99      9      0      9      0    132      0      0     67
      79      0      0      0      0      4]
 [     2    559     81    216    220      0    200      0    179   1149
      48    441    183      1     31      0    729     17      0     59
      62      0      0      8     20      0]
 [    38    500      8      1      0      0      0      0      1      2
  168568   1446      1      0      8      0    274     10      0    682
     142     57      0      1      0      9]
 [   180   2951    181     18    123      1    181     99     73    197
    5015  48573    159      1      8      0   1216    283      0     89
    1162      0      0     41     43     30]
 [    28   3997      0    364      1      5     30      2     37      1
     185    148  10284      1      1      0  12169     12      0     37
     104      0      0      0      0      6]
 [    16    785      4      4      0      0     88      0     10      1
      12      2      6   6329     20      0     47      0      0     12
      10      0      0      0      1     63]
 [   120   1183      3     11      0      0    118      0     63      8
     813    131     29    842   8017      1    319      1      0    211
     165      0      0     18     12     10]
 [     1     91      4      0      0      0      0      0      0      0
      61   2989      4      0      1    116     11     15      0      0
      22      0      0      0      0      0]
 [   355   4402     47   1977     11     77    199     37     74     68
     872   2221   6431      0      9      2  39317      7      0    378
     833     17      0     12      2     22]
 [    89    594     19     28      0      0     75      0      4     34
     563   6749      0      2      2      5    549   2034      0      8
     168      0      0      5     19      1]
 [     0    788      0      2      0      0      7      0      3      0
       0      0      0      0      0      0      2      0      0      0
       0      0      0      0      0     11]
 [    68   1383      1      4      2      0     10     57     19     17
     600     84     42      0     10      0    154      0      0   1026
     280      0      0      3      0     13]
 [   104   3439    147     22      2      0     98     34     54     59
    1115   3894    220      2      4      0   1578    214      0     97
   12289      0      0     18      1      0]
 [     0    334      2      0     86      0      0      0     12      8
     751    837    274      0      0      0    151      0      0    128
       0    242      0      0      0      0]
 [     0    814      0     21      0      0      0      0     10      0
       0      0      0      0      0      0      0      0      0      3
       1      0      0      0      0      0]
 [     2      1      0      0      0      0      0      0      0      6
      27    249      7      0      2      0     39      2      0      7
      19      0      0   2822      0      0]
 [    10     32      0      3      1      0      2      0      5     63
       2    118      5     14     14      0    130      7      0      0
      50      0      0     31    668     21]
 [    91   1414      0      5      1      0     21      0     14      0
     206    368      0      0      2      1     62      0      0     21
      65      0      0      0      4   1095]]              precision    recall  f1-score   support

         1.0       0.68      0.23      0.34     11973
         2.0       0.67      0.94      0.78     68668
         3.0       0.81      0.71      0.75      6787
         4.0       0.69      0.66      0.67      9947
         5.0       0.65      0.72      0.68      5790
         6.0       0.83      0.11      0.20      4563
         7.0       0.71      0.83      0.77      6651
         8.0       0.91      0.75      0.83      4826
         9.0       0.53      0.43      0.47      4708
        10.0       0.62      0.27      0.38      4205
        11.0       0.91      0.98      0.95    171748
        12.0       0.70      0.80      0.75     60624
        13.0       0.52      0.38      0.44     27412
        14.0       0.87      0.85      0.86      7410
        15.0       0.97      0.66      0.79     12075
        16.0       0.92      0.03      0.07      3315
        17.0       0.64      0.69      0.66     57370
        18.0       0.75      0.19      0.30     10948
        19.0       0.00      0.00      0.00       813
        21.0       0.35      0.27      0.30      3773
        22.0       0.77      0.53      0.62     23391
        23.0       0.77      0.09      0.15      2825
        24.0       0.00      0.00      0.00       849
        25.0       0.95      0.89      0.92      3183
        26.0       0.82      0.57      0.67      1176
        27.0       0.79      0.32      0.46      3370

    accuracy                           0.77    518400
   macro avg       0.69      0.50      0.53    518400
weighted avg       0.76      0.77      0.74    518400
[[  1026   2419      2      2      0      0     23    193    440    155
       0      1      5    426     23      0      0    159     63     33
       0      0     17]
 [    68 260405      0      3    736    164    241     99   9659   1437
       8     17     19     31    229      4      0      0     22      5
       0      4     20]
 [     0     51     52      9      0      0      0      0     60      0
       0      0      0      0      0      0      0      0      0      0
       0     46      0]
 [     0    116      0    128      0      0      0      0     41      0
       0      0      0      0      0      0      0      0      6      0
       0      0      0]
 [    39    902      0      0   3606     48     19     42     32    164
       0      0      0      0      2     23      0      0      0      0
       0      0      0]
 [     0    472      0      0     20   3010     66      0     34      8
       0      0      0      0     20      9      0      0      0      0
       0      0      0]
 [    21    462      0      0     33    116    635    310    106     35
       2      1      3      0     18      0      0      0     26      0
       0      0      0]
 [    36   1623      0      0     11      1    126   3400    443    197
       0     26      2      6    753      0      0      2     49      0
       0      0      0]
 [    41  12208      0      0      1      0     11     22  95230    148
       0     16     10     63    267      0      0      0      6     31
       0      0      0]
 [   123   6466      0      2    178     26     29    219    236  33325
      45      1      3   1157   1142    236      0      0      1    181
       0     10      1]
 [     0    225      0      0      0      0      0      0      3    155
    1074      0      0      0     20      0      0      0      0      0
       0      4      0]
 [    19    534      0      0      0      0      1      1      0     28
       0   3117    263     27      1      5      0      3     53      0
       0      0      1]
 [     9    897      0      0     26      0      1     92     91     89
       0    140   7022     28      3     10      0      7      9      1
       0      1      4]
 [    50   3201      0     11      1      0      2     10   6064   2532
       1      4      6   5017    572      8      0      0     26     22
       0      0      0]
 [     2   3728      0      0     58      3      7     57     41    971
       7      2      4     85  10802      4      0      0     32      7
       0      0      0]
 [     0     86      0      0      5      0      1     10    538    840
       3     16      0     12     60   1303      0      0      0     39
       0      0      0]
 [     0    204      0      0      0      0      0      0      0      0
       0      0      0      0      0      0      5      0      0      0
       0      0      0]
 [     9    248      0      4      0      0      2      0     10      1
       0      0      1      0      0      0      0   2375      6     36
       0      0      0]
 [    93    938      0      0      0      0     14     29    560    208
       0      1      2     16     10      0      0     74    179      2
       0      0      3]
 [    22   3612      0      0     96      0     11     18    204   1712
       3      0      0    292    149     21      0      0      2   2908
       0     10     19]
 [     0     61      0      0      0      0      0      0      0      0
       0      0      0      0      0      0      0      0      0      0
       0      0      0]
 [     0      3     10      0      0      0      0      0      6      1
       0      0      0      0     13      2      0      0      0      0
       0   2623      8]
 [    29   3487      1     25     48      0     11     10     79     68
       0      6      3      0      0      0      3      9     20      5
       0     45    440]]              precision    recall  f1-score   support

         1.0       0.65      0.21      0.31      4987
         2.0       0.86      0.95      0.90    273171
         3.0       0.80      0.24      0.37       218
         4.0       0.70      0.44      0.54       291
         7.0       0.75      0.74      0.74      4877
         8.0       0.89      0.83      0.86      3639
         9.0       0.53      0.36      0.43      1768
        10.0       0.75      0.51      0.61      6675
        11.0       0.84      0.88      0.86    108054
        12.0       0.79      0.77      0.78     43381
        13.0       0.94      0.73      0.82      1481
        14.0       0.93      0.77      0.84      4053
        15.0       0.96      0.83      0.89      8430
        16.0       0.70      0.29      0.41     17527
        17.0       0.77      0.68      0.72     15810
        18.0       0.80      0.45      0.57      2913
        19.0       0.62      0.02      0.05       209
        20.0       0.90      0.88      0.89      2692
        21.0       0.36      0.08      0.14      2129
        22.0       0.89      0.32      0.47      9079
        23.0       0.00      0.00      0.00        61
        25.0       0.96      0.98      0.97      2666
        27.0       0.86      0.10      0.18      4289

    accuracy                           0.84    518400
   macro avg       0.75      0.52      0.58    518400
weighted avg       0.84      0.84      0.83    518400
[[   979   2452      3      1      0      0     22    215    486    160
       0      1      4    433     24      0      2    140     73     39
       0      0     15]
 [    53 260745      0      2    740    156    214     77   9720   1394
       9     16     21     31    233      2      1      0     23     11
       0      5     25]
 [     0     65     39      5      0      0      0      0     80      0
       0      0      0      0      0      0      0      0      0      0
       0     40      0]
 [     0    114      0    128      0      0      0      0     45      0
       0      0      0      0      0      0      0      0      9      0
       0      0      0]
 [    42    974      0      0   3505     44     15     52     27    191
       0      0      0      0      1     27      0      0      0      0
       0      0      0]
 [     0    458      0      0     20   3051     63      0     27      6
       2      0      0      0     17      2      0      0      0      0
       0      0      0]
 [    21    479      0      0     25    110    635    341     87     35
       1      1      3      0     13      0      0      0     24      0
       0      0      0]
 [    28   1595      0      0      9      1    141   3449    496    188
       0     21      2      4    781      0      0      2     46      1
       0      0      0]
 [    39  12095      0      0      0      0      5     36  95533    146
       0     13     13     62    180      1      0      0     13     26
       0      0      1]
 [   110   6392      0      5    175     12     30    221    250  33182
      42      0      1   1246   1231    234      0      0      2    163
       0     11      1]
 [     0    249      0      0      0      0      0      0      1    144
    1092      0      0      0     19      0      0      0      0      0
       0      5      0]
 [    20    505      0      0      0      0      1      3      0     52
       0   3108    261     31      1     10      0      0     40      0
       0      0      2]
 [    13    859      0      0     25      0      6     74     92     95
       0    131   6940     35      1     10      0     14      7      1
       0      2      6]
 [    41   3244      0     11      0      0      4      6   5883   2705
       1      7      6   5139    536     14      0      0     23     32
       0      0      0]
 [     3   3813      0      0     61      3      3     65    118   1013
      16      4      1     84  10369      7      0      0     23     10
       0      0      0]
 [     1     79      0      0      8      0      1      9    530    770
       1     21      0     10     59   1372      0      0      0     40
       0      0      0]
 [     0    190      0      0      0      0      0      0      0      0
       0      0      0      0      0      0      8      0      0      0
       0      0      0]
 [    20    249      0      7      0      0      3      0     13      1
       0      0      1      0      4      0      0   2288      4     44
       0      0      0]
 [    93    968      0      1      0      0     20     29    591    194
       2      1      1     12     11      0      0     70    173      1
       0      0      8]
 [    14   3590      0      0     97      0      8     17    200   1613
       1      0      1    275    147     23      0      0      0   2890
       0      2     29]
 [     0     55      0      0      0      0      0      1      0      0
       0      0      0      0      0      0      0      0      0      0
       0      0      0]
 [     0     12     14      0      0      0      0      0      9      0
       0      0      0      0     15      1      0      0      0      0
       0   2577      9]
 [    28   3396      0     17     50      0     11     15     81     84
       0      3      1      0      0      0      2      7     20      8
       0     35    448]]              precision    recall  f1-score   support

         1.0       0.65      0.19      0.30      5049
         2.0       0.86      0.95      0.91    273478
         3.0       0.70      0.17      0.27       229
         4.0       0.72      0.43      0.54       296
         7.0       0.74      0.72      0.73      4878
         8.0       0.90      0.84      0.87      3646
         9.0       0.54      0.36      0.43      1775
        10.0       0.75      0.51      0.61      6764
        11.0       0.84      0.88      0.86    108163
        12.0       0.79      0.77      0.78     43308
        13.0       0.94      0.72      0.82      1510
        14.0       0.93      0.77      0.84      4034
        15.0       0.96      0.84      0.89      8311
        16.0       0.70      0.29      0.41     17652
        17.0       0.76      0.66      0.71     15593
        18.0       0.81      0.47      0.60      2901
        19.0       0.62      0.04      0.08       198
        20.0       0.91      0.87      0.89      2634
        21.0       0.36      0.08      0.13      2175
        22.0       0.88      0.32      0.47      8907
        23.0       0.00      0.00      0.00        56
        25.0       0.96      0.98      0.97      2637
        27.0       0.82      0.11      0.19      4206

    accuracy                           0.84    518400
   macro avg       0.75      0.52      0.58    518400
weighted avg       0.84      0.84      0.83    518400
