[[ 283    0    0    0    0    0    0    0    0    0    0    0    0    0
     0    0    0]
 [   0  133    0    0    0    0    0    0    0    0    0    0    0    0
     0    0    0]
 [   0    0  148    0    0    0    0    0    0    0    0    0    0    0
     0    0    0]
 [   0    0    0  135    0    0    0    0    0    0    0    0    0    0
     0    0    0]
 [   0    0    0    0  106    0    0    0    0    0    0    0    0    0
     0    0    0]
 [   0    0    0    0    0   92    0    0    0    0    0    0    0    0
     0    0    0]
 [   0    0    0    0    0    0   97    0    0    0    0    0    0    0
     0    0    0]
 [   0    0    0    0    0    0    0  124    0    0    0    0    0    0
     0    0    0]
 [   0    0    0    0    0    0    0    0 5970    0    0    0    0    0
     0    0    0]
 [   0    0    0    0    0    0    0    0    0 1692    0    0    0    0
     0    0    0]
 [   0    0    0    0    0    0    0    0    0    0 7970    0    0    0
     0    0    0]
 [   0    0    0    0    0    0    0    0    0    0    0  111    0    0
     0    0    0]
 [   0    0    0    0    0    0    0    0    0    0    0    0  102    0
     0    0    0]
 [   0    0    0    0    0    0    0    0    0    0    0    0    0  108
     0    0    0]
 [   0    0    0    0    0    0    0    0    0    0    0    0    0    0
   121    0    0]
 [   0    0    0    0    0    0    0    0    0    0    0    0    0    0
     0   19    0]
 [   0    0    0    0    0    0    0    0    0    0    0    0    0    0
     0    0   69]]              precision    recall  f1-score   support

         1.0       1.00      1.00      1.00       283
         3.0       1.00      1.00      1.00       133
         4.0       1.00      1.00      1.00       148
         5.0       1.00      1.00      1.00       135
         6.0       1.00      1.00      1.00       106
         7.0       1.00      1.00      1.00        92
         8.0       1.00      1.00      1.00        97
        10.0       1.00      1.00      1.00       124
        11.0       1.00      1.00      1.00      5970
        12.0       1.00      1.00      1.00      1692
        13.0       1.00      1.00      1.00      7970
        14.0       1.00      1.00      1.00       111
        15.0       1.00      1.00      1.00       102
        17.0       1.00      1.00      1.00       108
        19.0       1.00      1.00      1.00       121
        21.0       1.00      1.00      1.00        19
        27.0       1.00      1.00      1.00        69

    accuracy                           1.00     17280
   macro avg       1.00      1.00      1.00     17280
weighted avg       1.00      1.00      1.00     17280
[[34560]]              precision    recall  f1-score   support

         2.0       1.00      1.00      1.00     34560

    accuracy                           1.00     34560
   macro avg       1.00      1.00      1.00     34560
weighted avg       1.00      1.00      1.00     34560
