[[ 108    0    0    0    0    0    0    0    0    0    0    0    0    0
     0    0    0    0    0    0]
 [   0 1322    0    0    0    0    0    0    0    0    0    0    0    0
     0    0    0    0    0    0]
 [   0    0  378    0    0    0    0    0    0    0    0    0    0    0
     0    0    0    0    0    0]
 [   0    0    0  414    0    0    0    0    0    0    0    0    0    0
     0    0    0    0    0    0]
 [   0    0    0    0  543    0    0    0    0    0    0    0    0    0
     0    0    0    0    0    0]
 [   0    0    0    0    0  437    0    0    0    0    0    0    0    0
     0    0    0    0    0    0]
 [   0    0    0    0    0    0  186    0    0    0    0    0    0    0
     0    0    0    0    0    0]
 [   0    0    0    0    0    0    0  239    0    0    0    0    0    0
     0    0    0    0    0    0]
 [   0    0    0    0    0    0    0    0  146    0    0    0    0    0
     0    0    0    0    0    0]
 [   0    0    0    0    0    0    0    0    0  373    0    0    0    0
     0    0    0    0    0    0]
 [   0    0    0    0    0    0    0    0    0    0 5369    0    0    0
     0    0    0    0    0    0]
 [   0    0    0    0    0    0    0    0    0    0    0 1218    0    0
     0    0    0    0    0    0]
 [   0    0    0    0    0    0    0    0    0    0    0    0  340    0
     0    0    0    0    0    0]
 [   0    0    0    0    0    0    0    0    0    0    0    0    0  966
     0    0    0    0    0    0]
 [   0    0    0    0    0    0    0    0    0    0    0    0    0    0
  3279    0    0    0    0    0]
 [   0    0    0    0    0    0    0    0    0    0    0    0    0    0
     0  958    0    0    0    0]
 [   0    0    0    0    0    0    0    0    0    0    0    0    0    0
     0    0   49    0    0    0]
 [   0    0    0    0    0    0    0    0    0    0    0    0    0    0
     0    0    0  877    0    0]
 [   0    0    0    0    0    0    0    0    0    0    0    0    0    0
     0    0    0    0   11    0]
 [   0    0    0    0    0    0    0    0    0    0    0    0    0    0
     0    0    0    0    0   67]]              precision    recall  f1-score   support

         1.0       1.00      1.00      1.00       108
         2.0       1.00      1.00      1.00      1322
         3.0       1.00      1.00      1.00       378
         4.0       1.00      1.00      1.00       414
         5.0       1.00      1.00      1.00       543
         6.0       1.00      1.00      1.00       437
         7.0       1.00      1.00      1.00       186
         8.0       1.00      1.00      1.00       239
         9.0       1.00      1.00      1.00       146
        10.0       1.00      1.00      1.00       373
        11.0       1.00      1.00      1.00      5369
        12.0       1.00      1.00      1.00      1218
        15.0       1.00      1.00      1.00       340
        16.0       1.00      1.00      1.00       966
        17.0       1.00      1.00      1.00      3279
        18.0       1.00      1.00      1.00       958
        21.0       1.00      1.00      1.00        49
        22.0       1.00      1.00      1.00       877
        25.0       1.00      1.00      1.00        11
        27.0       1.00      1.00      1.00        67

    accuracy                           1.00     17280
   macro avg       1.00      1.00      1.00     17280
weighted avg       1.00      1.00      1.00     17280
[[  959    38     0     0     0    27    98     1     0     0    44     0
      3     0]
 [    0 18011     0     0     0     0     0     0     0     0     0     0
      0    53]
 [    0     0   347     2     0     0     0     0     0     0     0    87
      0     0]
 [    0     0     0   384    25     0     0     0     0     0     0     0
      0     0]
 [    0     0     0     0    83     4     0     3     0     0    14     0
      0     0]
 [   18     0     0     0     0   837     0    44     0     0   106     0
      0     0]
 [   21   326     0     0     0     0  8000     0     0     0     0     0
      0     0]
 [   38     0     0     0     0     8     0  2268     0     0    85     8
      0     0]
 [    0    18     0     0     0     0     0     0   666     0    12     0
      0     0]
 [    0     2     0     0     0     0     0     0     0   252     0     0
      0     0]
 [    0     0     0     0     0     2     0     0     0     0   138     0
      0     0]
 [    0    76     4     0     0     0     0     0     0     0     0   903
      6    70]
 [    0     0     0     0     0     0     0     0     0     0     0     0
      5     0]
 [    4   244     0     0     0     0     0     2     0     0     0    16
      0   198]]              precision    recall  f1-score   support

         1.0       0.92      0.82      0.87      1170
         2.0       0.96      1.00      0.98     18064
         7.0       0.99      0.80      0.88       436
         8.0       0.99      0.94      0.97       409
         9.0       0.77      0.80      0.78       104
        10.0       0.95      0.83      0.89      1005
        11.0       0.99      0.96      0.97      8347
        12.0       0.98      0.94      0.96      2407
        15.0       1.00      0.96      0.98       696
        20.0       1.00      0.99      1.00       254
        21.0       0.35      0.99      0.51       140
        22.0       0.89      0.85      0.87      1059
        25.0       0.36      1.00      0.53         5
        27.0       0.62      0.43      0.50       464

    accuracy                           0.96     34560
   macro avg       0.84      0.88      0.83     34560
weighted avg       0.96      0.96      0.96     34560
