[[ 234    0    0    0    0    0    0    0    0    0    0    0    0    0]
 [   0 8717    0    0    0    0    0    0    0    0    0    0    0    0]
 [   0    0   71    0    0    0    0    0    0    0    0    0    0    0]
 [   0    0    0   79    0    0    0    0    0    0    0    0    0    0]
 [   0    0    0    0   51    0    0    0    0    0    0    0    0    0]
 [   0    0    0    0    0   17    0    0    0    0    0    0    0    0]
 [   0    0    0    0    0    0   37    0    0    0    0    0    0    0]
 [   0    0    0    0    0    0    0 5567    0    0    0    0    0    0]
 [   0    0    0    0    0    0    0    0 1053    0    0    0    0    0]
 [   0    0    0    0    0    0    0    0    0  955    0    0    0    0]
 [   0    0    0    0    0    0    0    0    0    0   86    0    0    0]
 [   0    0    0    0    0    0    0    0    0    0    0   24    0    0]
 [   0    0    0    0    0    0    0    0    0    0    0    0  295    0]
 [   0    0    0    0    0    0    0    0    0    0    0    0    0   94]]              precision    recall  f1-score   support

         1.0       1.00      1.00      1.00       234
         2.0       1.00      1.00      1.00      8717
         3.0       1.00      1.00      1.00        71
         4.0       1.00      1.00      1.00        79
         7.0       1.00      1.00      1.00        51
         9.0       1.00      1.00      1.00        17
        10.0       1.00      1.00      1.00        37
        11.0       1.00      1.00      1.00      5567
        12.0       1.00      1.00      1.00      1053
        13.0       1.00      1.00      1.00       955
        15.0       1.00      1.00      1.00        86
        21.0       1.00      1.00      1.00        24
        25.0       1.00      1.00      1.00       295
        27.0       1.00      1.00      1.00        94

    accuracy                           1.00     17280
   macro avg       1.00      1.00      1.00     17280
weighted avg       1.00      1.00      1.00     17280
[[  257     0     0     0     0     0     0     0     0     0     0     0
      0]
 [    0 17308     0     0     0     0     0     0     0     0     0     0
      0]
 [    7     0   191     0     0     0     0     9     0     0     0     0
      0]
 [    0     0     0   141     0     0     0     0     0     0     0     0
      0]
 [    0     0     0     0  8285     0     0     0     0     0     0     0
      0]
 [    0     0     0    11     0  1960     0     0     0     0     0     0
      0]
 [   29     0     0     0     0     0    25    53     0     0     0     0
     12]
 [    0     0     0     0     0     0     0  2035     0     0     0     0
      1]
 [    0     0     0     0     0     0     0    18  2989     0     0     0
      0]
 [    0     0     0     7     0     0     0     0     0   164     0     0
      0]
 [  112     0     0     0     0     0     0     0     0     0    36     0
      0]
 [    2     0     0     0     0     0     0     0     0     2     0   661
      0]
 [   68     0     0     0     0     0     0    30     0     0     0     0
    147]]              precision    recall  f1-score   support

         1.0       0.54      1.00      0.70       257
         2.0       1.00      1.00      1.00     17308
         4.0       1.00      0.92      0.96       207
         8.0       0.89      1.00      0.94       141
        11.0       1.00      1.00      1.00      8285
        12.0       1.00      0.99      1.00      1971
        15.0       1.00      0.21      0.35       119
        16.0       0.95      1.00      0.97      2036
        17.0       1.00      0.99      1.00      3007
        18.0       0.99      0.96      0.97       171
        20.0       1.00      0.24      0.39       148
        25.0       1.00      0.99      1.00       665
        27.0       0.92      0.60      0.73       245

    accuracy                           0.99     34560
   macro avg       0.94      0.84      0.85     34560
weighted avg       0.99      0.99      0.99     34560
