[[ 295    0    0    0    0    0    0    0    0    0    0    0    0    0
     0    0    0    0]
 [   0  133    0    0    0    0    0    0    0    0    0    0    0    0
     0    0    0    0]
 [   0    0  146    0    0    0    0    0    0    0    0    0    0    0
     0    0    0    0]
 [   0    0    0  302    0    0    0    0    0    0    0    0    0    0
     0    0    0    0]
 [   0    0    0    0  122    0    0    0    0    0    0    0    0    0
     0    0    0    0]
 [   0    0    0    0    0  148    0    0    0    0    0    0    0    0
     0    0    0    0]
 [   0    0    0    0    0    0  155    0    0    0    0    0    0    0
     0    0    0    0]
 [   0    0    0    0    0    0    0  216    0    0    0    0    0    0
     0    0    0    0]
 [   0    0    0    0    0    0    0    0   76    0    0    0    0    0
     0    0    0    0]
 [   0    0    0    0    0    0    0    0    0 7028    0    0    0    0
     0    0    0    0]
 [   0    0    0    0    0    0    0    0    0    0 2244    0    0    0
     0    0    0    0]
 [   0    0    0    0    0    0    0    0    0    0    0 3496    0    0
     0    0    0    0]
 [   0    0    0    0    0    0    0    0    0    0    0    0  358    0
     0    0    0    0]
 [   0    0    0    0    0    0    0    0    0    0    0    0    0 1271
     0    0    0    0]
 [   0    0    0    0    0    0    0    0    0    0    0    0    0    0
   171    0    0    0]
 [   0    0    0    0    0    0    0    0    0    0    0    0    0    0
     0  868    0    0]
 [   0    0    0    0    0    0    0    0    0    0    0    0    0    0
     0    0   54    0]
 [   0    0    0    0    0    0    0    0    0    0    0    0    0    0
     0    0    0  197]]              precision    recall  f1-score   support

         1.0       1.00      1.00      1.00       295
         3.0       1.00      1.00      1.00       133
         4.0       1.00      1.00      1.00       146
         5.0       1.00      1.00      1.00       302
         6.0       1.00      1.00      1.00       122
         7.0       1.00      1.00      1.00       148
         8.0       1.00      1.00      1.00       155
         9.0       1.00      1.00      1.00       216
        10.0       1.00      1.00      1.00        76
        11.0       1.00      1.00      1.00      7028
        12.0       1.00      1.00      1.00      2244
        13.0       1.00      1.00      1.00      3496
        15.0       1.00      1.00      1.00       358
        17.0       1.00      1.00      1.00      1271
        21.0       1.00      1.00      1.00       171
        22.0       1.00      1.00      1.00       868
        23.0       1.00      1.00      1.00        54
        25.0       1.00      1.00      1.00       197

    accuracy                           1.00     17280
   macro avg       1.00      1.00      1.00     17280
weighted avg       1.00      1.00      1.00     17280
[[    0    47     0     1     8     0     0     0     0     0     0     1]
 [    0 20466     0     0     0     1     0     0     0     0     3     3]
 [    0    31    14    16    32     0     0     0     0     0     0     0]
 [    0    14     0    71     0     0     0     0     0     0     0     0]
 [    0    67     0     0 10766     0     0     0     0     8     0     3]
 [    0   119     0     0     0   619    13     0     0     0     0     0]
 [    0    10     0     0     0    52   669     0     0     0     4     3]
 [    0     0     0     0     0     0     0    96     0     0     0     0]
 [    0     3     0     0     0     0     0     0   185     0     0     0]
 [    0    73     0     0    17     0     0    20     0    56     0     0]
 [    0     0     0     0     0     0     1     0     0     0   390     0]
 [    0   608     0     3     0     7     0     0     0     0     0    60]]              precision    recall  f1-score   support

         1.0       0.00      0.00      0.00        57
         2.0       0.95      1.00      0.98     20473
         3.0       1.00      0.15      0.26        93
         4.0       0.78      0.84      0.81        85
        11.0       0.99      0.99      0.99     10844
        14.0       0.91      0.82      0.87       751
        15.0       0.98      0.91      0.94       738
        17.0       0.83      1.00      0.91        96
        20.0       1.00      0.98      0.99       188
        21.0       0.88      0.34      0.49       166
        25.0       0.98      1.00      0.99       391
        27.0       0.86      0.09      0.16       678

    accuracy                           0.97     34560
   macro avg       0.85      0.68      0.70     34560
weighted avg       0.96      0.97      0.96     34560
