[[1432    0    0    0    0    0    0]
 [   0 9601    0    0    0    0    0]
 [   0    0  106    0    0    0    0]
 [   0    0    0  119    0    0    0]
 [   0    0    0    0 5896    0    0]
 [   0    0    0    0    0   70    0]
 [   0    0    0    0    0    0   56]]              precision    recall  f1-score   support

         1.0       1.00      1.00      1.00      1432
         2.0       1.00      1.00      1.00      9601
         3.0       1.00      1.00      1.00       106
         4.0       1.00      1.00      1.00       119
        11.0       1.00      1.00      1.00      5896
        15.0       1.00      1.00      1.00        70
        21.0       1.00      1.00      1.00        56

    accuracy                           1.00     17280
   macro avg       1.00      1.00      1.00     17280
weighted avg       1.00      1.00      1.00     17280
[[ 1405    22     0     0     1    51     0     0     0]
 [   97 19117     0     0     0     0     0     0     0]
 [    1     0   253     0     0     3     0     0     0]
 [    0     0     0 12177     0     0     0     0     0]
 [   18     0     0     0    61     0     0     1     0]
 [  334     0     0     0     0   829     0     0     0]
 [   26     0     0     0     0     0     0     0     0]
 [   73     0     0     0     2     0     0     1     0]
 [   45     0     0     0     0     0     0     0    43]]              precision    recall  f1-score   support

         1.0       0.70      0.95      0.81      1479
         2.0       1.00      0.99      1.00     19214
         4.0       1.00      0.98      0.99       257
        11.0       1.00      1.00      1.00     12177
        15.0       0.95      0.76      0.85        80
        17.0       0.94      0.71      0.81      1163
        18.0       0.00      0.00      0.00        26
        21.0       0.50      0.01      0.03        76
        27.0       1.00      0.49      0.66        88

    accuracy                           0.98     34560
   macro avg       0.79      0.66      0.68     34560
weighted avg       0.98      0.98      0.98     34560
