[[ 209    0    0    0    0    0    0    0    0    0    0    0    0]
 [   0 9878    0    0    0    0    0    0    0    0    0    0    0]
 [   0    0   24    0    0    0    0    0    0    0    0    0    0]
 [   0    0    0  137    0    0    0    0    0    0    0    0    0]
 [   0    0    0    0   17    0    0    0    0    0    0    0    0]
 [   0    0    0    0    0 5796    0    0    0    0    0    0    0]
 [   0    0    0    0    0    0  379    0    0    0    0    0    0]
 [   0    0    0    0    0    0    0  128    0    0    0    0    0]
 [   0    0    0    0    0    0    0    0   60    0    0    0    0]
 [   0    0    0    0    0    0    0    0    0  106    0    0    0]
 [   0    0    0    0    0    0    0    0    0    0  404    0    0]
 [   0    0    0    0    0    0    0    0    0    0    0   78    0]
 [   0    0    0    0    0    0    0    0    0    0    0    0   64]]              precision    recall  f1-score   support

         1.0       1.00      1.00      1.00       209
         2.0       1.00      1.00      1.00      9878
         3.0       1.00      1.00      1.00        24
         4.0       1.00      1.00      1.00       137
         9.0       1.00      1.00      1.00        17
        11.0       1.00      1.00      1.00      5796
        13.0       1.00      1.00      1.00       379
        14.0       1.00      1.00      1.00       128
        15.0       1.00      1.00      1.00        60
        17.0       1.00      1.00      1.00       106
        18.0       1.00      1.00      1.00       404
        21.0       1.00      1.00      1.00        78
        27.0       1.00      1.00      1.00        64

    accuracy                           1.00     17280
   macro avg       1.00      1.00      1.00     17280
weighted avg       1.00      1.00      1.00     17280
[[  404     0     0     0     0     0     0     0]
 [    0 19675     0     0     0     0     0     0]
 [    0     0   279     0     0    17     0     0]
 [    0     0     0 11769     0     0     0     0]
 [   71     0     1     0   311     0     0     0]
 [    0     0     0     0     4  1773    17     0]
 [    0     0     0     0     0     0   106     0]
 [   19     0     0     0     0     0     0   114]]              precision    recall  f1-score   support

         1.0       0.82      1.00      0.90       404
         2.0       1.00      1.00      1.00     19675
         4.0       1.00      0.94      0.97       296
        11.0       1.00      1.00      1.00     11769
        15.0       0.99      0.81      0.89       383
        17.0       0.99      0.99      0.99      1794
        21.0       0.86      1.00      0.93       106
        27.0       1.00      0.86      0.92       133

    accuracy                           1.00     34560
   macro avg       0.96      0.95      0.95     34560
weighted avg       1.00      1.00      1.00     34560
