[[ 296    0    0    0    0    0    0    0    0    0    0    0    0    0
     0    0    0    0]
 [   0   79    0    0    0    0    0    0    0    0    0    0    0    0
     0    0    0    0]
 [   0    0  257    0    0    0    0    0    0    0    0    0    0    0
     0    0    0    0]
 [   0    0    0  336    0    0    0    0    0    0    0    0    0    0
     0    0    0    0]
 [   0    0    0    0  376    0    0    0    0    0    0    0    0    0
     0    0    0    0]
 [   0    0    0    0    0  279    0    0    0    0    0    0    0    0
     0    0    0    0]
 [   0    0    0    0    0    0  368    0    0    0    0    0    0    0
     0    0    0    0]
 [   0    0    0    0    0    0    0  173    0    0    0    0    0    0
     0    0    0    0]
 [   0    0    0    0    0    0    0    0  312    0    0    0    0    0
     0    0    0    0]
 [   0    0    0    0    0    0    0    0    0  225    0    0    0    0
     0    0    0    0]
 [   0    0    0    0    0    0    0    0    0    0 5439    0    0    0
     0    0    0    0]
 [   0    0    0    0    0    0    0    0    0    0    0 2476    0    0
     0    0    0    0]
 [   0    0    0    0    0    0    0    0    0    0    0    0 3520    0
     0    0    0    0]
 [   0    0    0    0    0    0    0    0    0    0    0    0    0  600
     0    0    0    0]
 [   0    0    0    0    0    0    0    0    0    0    0    0    0    0
  1704    0    0    0]
 [   0    0    0    0    0    0    0    0    0    0    0    0    0    0
     0   80    0    0]
 [   0    0    0    0    0    0    0    0    0    0    0    0    0    0
     0    0  272    0]
 [   0    0    0    0    0    0    0    0    0    0    0    0    0    0
     0    0    0  488]]              precision    recall  f1-score   support

         1.0       1.00      1.00      1.00       296
         2.0       1.00      1.00      1.00        79
         3.0       1.00      1.00      1.00       257
         4.0       1.00      1.00      1.00       336
         5.0       1.00      1.00      1.00       376
         6.0       1.00      1.00      1.00       279
         7.0       1.00      1.00      1.00       368
         8.0       1.00      1.00      1.00       173
         9.0       1.00      1.00      1.00       312
        10.0       1.00      1.00      1.00       225
        11.0       1.00      1.00      1.00      5439
        12.0       1.00      1.00      1.00      2476
        13.0       1.00      1.00      1.00      3520
        15.0       1.00      1.00      1.00       600
        17.0       1.00      1.00      1.00      1704
        21.0       1.00      1.00      1.00        80
        22.0       1.00      1.00      1.00       272
        23.0       1.00      1.00      1.00       488

    accuracy                           1.00     17280
   macro avg       1.00      1.00      1.00     17280
weighted avg       1.00      1.00      1.00     17280
[[   25     0     1    93     0     0     0     0     0     0     0]
 [    0 20236     0     0    13     0     0     0     0     0     0]
 [    0     0   252   221     0     0     0     0     0    21     0]
 [    0     0   159  1097     0    12     0     0     0     0     0]
 [    0    52     0     0  7602     0     0     0     0     0     0]
 [    0    21     0    70     7  2753     0     3     0     1     0]
 [    6     0     0    10     0     0   266     0     0     0     0]
 [    0    30     0     0    41     3     0   511     0     0     4]
 [    0     7     0     0     0     0     0     0   224     0     0]
 [    0     0     1     0   154   255     0     0     0    79     0]
 [    0   246     0     0    12     0     0     0     0     0    72]]              precision    recall  f1-score   support

         1.0       0.81      0.21      0.33       119
         2.0       0.98      1.00      0.99     20249
         9.0       0.61      0.51      0.56       494
        10.0       0.74      0.87      0.80      1268
        11.0       0.97      0.99      0.98      7654
        12.0       0.91      0.96      0.94      2855
        14.0       1.00      0.94      0.97       282
        15.0       0.99      0.87      0.93       589
        20.0       1.00      0.97      0.98       231
        21.0       0.78      0.16      0.27       489
        27.0       0.95      0.22      0.35       330

    accuracy                           0.96     34560
   macro avg       0.89      0.70      0.74     34560
weighted avg       0.96      0.96      0.95     34560
