[[ 341    0    0    0    0    0    0    0    0    0    0    0    0    0
     0    0    0]
 [   0 2700    0    0    0    0    0    0    0    0    0    0    0    0
     0    0    0]
 [   0    0  231    0    0    0    0    0    0    0    0    0    0    0
     0    0    0]
 [   0    0    0  107    0    0    0    0    0    0    0    0    0    0
     0    0    0]
 [   0    0    0    0  301    0    0    0    0    0    0    0    0    0
     0    0    0]
 [   0    0    0    0    0  167    0    0    0    0    0    0    0    0
     0    0    0]
 [   0    0    0    0    0    0  140    0    0    0    0    0    0    0
     0    0    0]
 [   0    0    0    0    0    0    0   95    0    0    0    0    0    0
     0    0    0]
 [   0    0    0    0    0    0    0    0 5411    0    0    0    0    0
     0    0    0]
 [   0    0    0    0    0    0    0    0    0 3098    0    0    0    0
     0    0    0]
 [   0    0    0    0    0    0    0    0    0    0  226    0    0    0
     0    0    0]
 [   0    0    0    0    0    0    0    0    0    0    0 2559    0    0
     0    0    0]
 [   0    0    0    0    0    0    0    0    0    0    0    0  980    0
     0    0    0]
 [   0    0    0    0    0    0    0    0    0    0    0    0    0  146
     0    0    0]
 [   0    0    0    0    0    0    0    0    0    0    0    0    0    0
   305    0    0]
 [   0    0    0    0    0    0    0    0    0    0    0    0    0    0
     0  151    0]
 [   0    0    0    0    0    0    0    0    0    0    0    0    0    0
     0    0  322]]              precision    recall  f1-score   support

         1.0       1.00      1.00      1.00       341
         2.0       1.00      1.00      1.00      2700
         3.0       1.00      1.00      1.00       231
         4.0       1.00      1.00      1.00       107
         5.0       1.00      1.00      1.00       301
         6.0       1.00      1.00      1.00       167
         9.0       1.00      1.00      1.00       140
        10.0       1.00      1.00      1.00        95
        11.0       1.00      1.00      1.00      5411
        12.0       1.00      1.00      1.00      3098
        15.0       1.00      1.00      1.00       226
        17.0       1.00      1.00      1.00      2559
        18.0       1.00      1.00      1.00       980
        21.0       1.00      1.00      1.00       146
        22.0       1.00      1.00      1.00       305
        23.0       1.00      1.00      1.00       151
        27.0       1.00      1.00      1.00       322

    accuracy                           1.00     17280
   macro avg       1.00      1.00      1.00     17280
weighted avg       1.00      1.00      1.00     17280
[[  723     0     0     0     0     0     0     0     0     0     0     0
      0     0     0     0     0]
 [    0  5362     0     0     0     0     0     0     0     0     0     0
      0     0     0     0     0]
 [    0     0   462     0     0     0     0     0     0     0     0     0
      0     0     0     0     0]
 [    0     0     0   196     0     0     0     0     0     0     0     0
      0     0     0     0     0]
 [    0     0     0     0   552     0     0     0     0     0     0     0
      0     0     0     0     0]
 [    0     0     0     0     0   320     0     0     0     0     0     0
      0     0     0     0     0]
 [    0     0     0     0     0     0   279     0     0     0     0     0
      0     0     0     0     0]
 [    0     0     0     0     0     0     0   196     0     0     0     0
      0     0     0     0     0]
 [    0     0     0     0     0     0     0     0 10820     0     0     0
      0     0     0     0     0]
 [    0     0     0     0     0     0     0     0     0  6124     0     0
      0     0     0     0     0]
 [    0     0     0     0     0     0     0     0     0     0   419     0
      0     0     0     0     0]
 [    0     0     0     0     0     0     0     0     0     0     0  5241
      0     0     0     0     0]
 [    0     0     0     0     0     0     0     0     0     0     0     0
   1973     0     0     0     0]
 [    0     0     0     0     0     0     0     0     0     0     0     0
      0   267     0     0     0]
 [    0     0     0     0     0     0     0     0     0     0     0     0
      0     0   643     0     0]
 [    0     0     0     0     0     0     0     0     0     0     0     0
      0     0     0   315     0]
 [    0     0     0     0     0     0     0     0     0     0     0     0
      0     0     0     0   668]]              precision    recall  f1-score   support

         1.0       1.00      1.00      1.00       723
         2.0       1.00      1.00      1.00      5362
         3.0       1.00      1.00      1.00       462
         4.0       1.00      1.00      1.00       196
         5.0       1.00      1.00      1.00       552
         6.0       1.00      1.00      1.00       320
         9.0       1.00      1.00      1.00       279
        10.0       1.00      1.00      1.00       196
        11.0       1.00      1.00      1.00     10820
        12.0       1.00      1.00      1.00      6124
        15.0       1.00      1.00      1.00       419
        17.0       1.00      1.00      1.00      5241
        18.0       1.00      1.00      1.00      1973
        21.0       1.00      1.00      1.00       267
        22.0       1.00      1.00      1.00       643
        23.0       1.00      1.00      1.00       315
        27.0       1.00      1.00      1.00       668

    accuracy                           1.00     34560
   macro avg       1.00      1.00      1.00     34560
weighted avg       1.00      1.00      1.00     34560
[[  225    50    34     0     0    11     7     0     0     0    42     0
      0     0     0     1     0]
 [    0 19333     0     0     0   278     6     0     0     0    35     0
      0     0     0     0    53]
 [    0     0   659     0     0     0     5     0     0     0     4     0
      0     0     0     0     0]
 [    0     0     1   279    39     0     0     0     0     0    80     0
      0     0     0     0     0]
 [    0     0     0     0   121     0     0     0     0     0     0     0
      0     0     0     0     0]
 [    0     0    44     0     0 12884     0     0     0     0     0     0
      0     0     0     0     0]
 [    0    64   403     0     0     0  6723     0     0     0     5     5
      0     0     0     1     1]
 [    0    17     7     0     0     0     0   384     4     0     0     0
      0     2     0     0     0]
 [    0    30    24     0     0    82     0    18  1240     0     0     0
      0     0     0     0     3]
 [    0     0     0     0     0  1057     0     0     0     0     0     0
      0     0     0     0     0]
 [    0    26   103     0     0     0    79     0     0     0  2906     0
      0     0     0    18     0]
 [    0     0     0     0     0    32    30     0     0     0     0  1439
      0     0     0     0     0]
 [    0     1     0     0     0     0     0     0     0     0     0     0
    315     0     0     0     0]
 [    0     0    29     0     0     0     0     0     0     0     2     0
      0   183     0     0     0]
 [   38     0    88     0     0     0     0     0     0     0     0     0
      0     0     4     0     0]
 [    0    53     0     0     0     0    71     0     0     0    39     0
      0     0     0  1418     0]
 [   28   180     0     0     0     0    31     0     0     0    44     0
      3     0     0     0   419]]              precision    recall  f1-score   support

         1.0       0.77      0.61      0.68       370
         2.0       0.98      0.98      0.98     19705
         7.0       0.47      0.99      0.64       668
         8.0       1.00      0.70      0.82       399
         9.0       0.76      1.00      0.86       121
        11.0       0.90      1.00      0.94     12928
        12.0       0.97      0.93      0.95      7202
        14.0       0.96      0.93      0.94       414
        15.0       1.00      0.89      0.94      1397
        16.0       0.00      0.00      0.00      1057
        17.0       0.92      0.93      0.92      3132
        18.0       1.00      0.96      0.98      1501
        19.0       0.99      1.00      0.99       316
        20.0       0.99      0.86      0.92       214
        21.0       1.00      0.03      0.06       130
        22.0       0.99      0.90      0.94      1581
        27.0       0.88      0.59      0.71       705

    accuracy                           0.94     51840
   macro avg       0.86      0.78      0.78     51840
weighted avg       0.93      0.94      0.93     51840
