[[  89    0    0    0    0    0    0    0    0]
 [   0 8907    0    0    0    0    0    0    0]
 [   0    0 7318    0    0    0    0    0    0]
 [   0    0    0  608    0    0    0    0    0]
 [   0    0    0    0   86    0    0    0    0]
 [   0    0    0    0    0  106    0    0    0]
 [   0    0    0    0    0    0   33    0    0]
 [   0    0    0    0    0    0    0   65    0]
 [   0    0    0    0    0    0    0    0   68]]              precision    recall  f1-score   support

         1.0       1.00      1.00      1.00        89
         2.0       1.00      1.00      1.00      8907
        11.0       1.00      1.00      1.00      7318
        12.0       1.00      1.00      1.00       608
        15.0       1.00      1.00      1.00        86
        17.0       1.00      1.00      1.00       106
        21.0       1.00      1.00      1.00        33
        25.0       1.00      1.00      1.00        65
        27.0       1.00      1.00      1.00        68

    accuracy                           1.00     17280
   macro avg       1.00      1.00      1.00     17280
weighted avg       1.00      1.00      1.00     17280
[[  243     0     0    27     0     0     0     0]
 [    0 17808     0     0     0     0     0     0]
 [    0     0 13019     0     0     0     0     0]
 [    5     0     0  2834     0     0     0     0]
 [  116     0     0    53     6     0     0     0]
 [    4     0     0     0     0   146     0     0]
 [    4     0     0     0     0     0   148     0]
 [   10     0     0    18     0     7     0   112]]              precision    recall  f1-score   support

         1.0       0.64      0.90      0.75       270
         2.0       1.00      1.00      1.00     17808
        11.0       1.00      1.00      1.00     13019
        12.0       0.97      1.00      0.98      2839
        15.0       1.00      0.03      0.07       175
        17.0       0.95      0.97      0.96       150
        25.0       1.00      0.97      0.99       152
        27.0       1.00      0.76      0.86       147

    accuracy                           0.99     34560
   macro avg       0.94      0.83      0.83     34560
weighted avg       0.99      0.99      0.99     34560
