[[ 670    0    0    0    0    0    0    0    0    0    0]
 [   0 8672    0    0    0    0    0    0    0    0    0]
 [   0    0  211    0    0    0    0    0    0    0    0]
 [   0    0    0  165    0    0    0    0    0    0    0]
 [   0    0    0    0   15    0    0    0    0    0    0]
 [   0    0    0    0    0 6003    0    0    0    0    0]
 [   0    0    0    0    0    0  333    0    0    0    0]
 [   0    0    0    0    0    0    0   61    0    0    0]
 [   0    0    0    0    0    0    0    0   26    0    0]
 [   0    0    0    0    0    0    0    0    0 1032    0]
 [   0    0    0    0    0    0    0    0    0    0   92]]              precision    recall  f1-score   support

         1.0       1.00      1.00      1.00       670
         2.0       1.00      1.00      1.00      8672
         3.0       1.00      1.00      1.00       211
         4.0       1.00      1.00      1.00       165
         9.0       1.00      1.00      1.00        15
        11.0       1.00      1.00      1.00      6003
        12.0       1.00      1.00      1.00       333
        15.0       1.00      1.00      1.00        61
        21.0       1.00      1.00      1.00        26
        25.0       1.00      1.00      1.00      1032
        27.0       1.00      1.00      1.00        92

    accuracy                           1.00     17280
   macro avg       1.00      1.00      1.00     17280
weighted avg       1.00      1.00      1.00     17280
[[  924     0     0     0     0    77    32     0     6     0]
 [    0 17324     0     0     0     0     0     0     0     0]
 [   31     0   161     0     0     9     0     0     0     0]
 [    0     0     0 12244     0     0     0     0     0     0]
 [    0     0     0     0   764     0     0     4     3     0]
 [    0     0     0     0     0   198     0     0     0     0]
 [   43     0     0     0     0     0   422     0     0     0]
 [    0     0     0     0     0     0     0    87     0     0]
 [    0     0     0     0     0     0     0     0  2118     0]
 [   23     0     0     0     0     0     0     0     0    90]]              precision    recall  f1-score   support

         1.0       0.90      0.89      0.90      1039
         2.0       1.00      1.00      1.00     17324
         4.0       1.00      0.80      0.89       201
        11.0       1.00      1.00      1.00     12244
        12.0       1.00      0.99      1.00       771
        13.0       0.70      1.00      0.82       198
        14.0       0.93      0.91      0.92       465
        15.0       0.96      1.00      0.98        87
        25.0       1.00      1.00      1.00      2118
        27.0       1.00      0.80      0.89       113

    accuracy                           0.99     34560
   macro avg       0.95      0.94      0.94     34560
weighted avg       0.99      0.99      0.99     34560
