[[  213     0     0     0     0     0     0     0]
 [    0 13742     0     0     0     0     0     0]
 [    0     0   498     0     0     0     0     0]
 [    0     0     0   154     0     0     0     0]
 [    0     0     0     0    11     0     0     0]
 [    0     0     0     0     0  2621     0     0]
 [    0     0     0     0     0     0    28     0]
 [    0     0     0     0     0     0     0    13]]              precision    recall  f1-score   support

         1.0       1.00      1.00      1.00       213
         2.0       1.00      1.00      1.00     13742
         7.0       1.00      1.00      1.00       498
         8.0       1.00      1.00      1.00       154
         9.0       1.00      1.00      1.00        11
        12.0       1.00      1.00      1.00      2621
        15.0       1.00      1.00      1.00        28
        27.0       1.00      1.00      1.00        13

    accuracy                           1.00     17280
   macro avg       1.00      1.00      1.00     17280
weighted avg       1.00      1.00      1.00     17280
[[  185     0     0     0     0     0     0]
 [    0 27355     0     0     0     0     0]
 [    0     0   291     0     3     1     0]
 [    0     0     0  4395     5    22     0]
 [    0     0    18    72   345    20     0]
 [    9     0     0     1     0  1817     0]
 [    3     0     0     0     0     0    18]]              precision    recall  f1-score   support

         1.0       0.94      1.00      0.97       185
         2.0       1.00      1.00      1.00     27355
         8.0       0.94      0.99      0.96       295
        12.0       0.98      0.99      0.99      4422
        15.0       0.98      0.76      0.85       455
        17.0       0.98      0.99      0.99      1827
        27.0       1.00      0.86      0.92        21

    accuracy                           1.00     34560
   macro avg       0.97      0.94      0.95     34560
weighted avg       1.00      1.00      1.00     34560
