[[  234     0     0     0     0     0     0     0     0     0]
 [    0 10416     0     0     0     0     0     0     0     0]
 [    0     0  4984     0     0     0     0     0     0     0]
 [    0     0     0   903     0     0     0     0     0     0]
 [    0     0     0     0   243     0     0     0     0     0]
 [    0     0     0     0     0    98     0     0     0     0]
 [    0     0     0     0     0     0   236     0     0     0]
 [    0     0     0     0     0     0     0    31     0     0]
 [    0     0     0     0     0     0     0     0    23     0]
 [    0     0     0     0     0     0     0     0     0   112]]              precision    recall  f1-score   support

         1.0       1.00      1.00      1.00       234
         2.0       1.00      1.00      1.00     10416
        11.0       1.00      1.00      1.00      4984
        12.0       1.00      1.00      1.00       903
        13.0       1.00      1.00      1.00       243
        15.0       1.00      1.00      1.00        98
        18.0       1.00      1.00      1.00       236
        21.0       1.00      1.00      1.00        31
        25.0       1.00      1.00      1.00        23
        27.0       1.00      1.00      1.00       112

    accuracy                           1.00     17280
   macro avg       1.00      1.00      1.00     17280
weighted avg       1.00      1.00      1.00     17280
[[  347     0     0     0    25     0     0     0     8]
 [    0 20834     0     0     0     0     0     0     0]
 [    0     0  9556     0     0     0     0     0     0]
 [    4     0     0  1572     0     0     4     0     0]
 [   12     0     0     0   499     0    17     0     0]
 [    0     0     0     0     0    33    23     0     0]
 [    0     0     0     0     0     0  1357     0     3]
 [    3     0     0     0     0     0     0    17     0]
 [    5     0     0     0     4     0     0     2   235]]              precision    recall  f1-score   support

         1.0       0.94      0.91      0.92       380
         2.0       1.00      1.00      1.00     20834
        11.0       1.00      1.00      1.00      9556
        12.0       1.00      0.99      1.00      1580
        14.0       0.95      0.95      0.95       528
        15.0       1.00      0.59      0.74        56
        17.0       0.97      1.00      0.98      1360
        25.0       0.89      0.85      0.87        20
        27.0       0.96      0.96      0.96       246

    accuracy                           1.00     34560
   macro avg       0.97      0.92      0.94     34560
weighted avg       1.00      1.00      1.00     34560
