[[ 415    0    0    0    0    0    0    0    0    0    0    0]
 [   0  163    0    0    0    0    0    0    0    0    0    0]
 [   0    0  192    0    0    0    0    0    0    0    0    0]
 [   0    0    0  205    0    0    0    0    0    0    0    0]
 [   0    0    0    0   79    0    0    0    0    0    0    0]
 [   0    0    0    0    0   26    0    0    0    0    0    0]
 [   0    0    0    0    0    0 7021    0    0    0    0    0]
 [   0    0    0    0    0    0    0 5666    0    0    0    0]
 [   0    0    0    0    0    0    0    0 3037    0    0    0]
 [   0    0    0    0    0    0    0    0    0  146    0    0]
 [   0    0    0    0    0    0    0    0    0    0   30    0]
 [   0    0    0    0    0    0    0    0    0    0    0  300]]              precision    recall  f1-score   support

         1.0       1.00      1.00      1.00       415
         3.0       1.00      1.00      1.00       163
         4.0       1.00      1.00      1.00       192
         5.0       1.00      1.00      1.00       205
         6.0       1.00      1.00      1.00        79
        10.0       1.00      1.00      1.00        26
        11.0       1.00      1.00      1.00      7021
        12.0       1.00      1.00      1.00      5666
        13.0       1.00      1.00      1.00      3037
        15.0       1.00      1.00      1.00       146
        21.0       1.00      1.00      1.00        30
        25.0       1.00      1.00      1.00       300

    accuracy                           1.00     17280
   macro avg       1.00      1.00      1.00     17280
weighted avg       1.00      1.00      1.00     17280
[[  738   162    10     1     0     1     0     0     0     1     0]
 [    0   561     0     0     0     0     0     0     0     0     0]
 [    0     0   396     0     0     0     0     1     0     0     0]
 [    0     0     0   182     0     0     2     0     0     0     0]
 [    0     0     0     0 13530     0     0     0     0     0     0]
 [    2     0     0     0     0 11414     0     0     0     0     0]
 [   69    61     0     0     0    21   576    50   338     6     0]
 [    0     0     0     0     0     0    12  2265    77     0     0]
 [    0     0     0     0     0     0    18     0  3438     0     0]
 [    0     0     0     0     0     0    13     0     0   546     0]
 [    0     8     0     0     0     0     0     0     0     0    61]]              precision    recall  f1-score   support

         1.0       0.91      0.81      0.86       913
         2.0       0.71      1.00      0.83       561
         4.0       0.98      1.00      0.99       397
         6.0       0.99      0.99      0.99       184
        11.0       1.00      1.00      1.00     13530
        12.0       1.00      1.00      1.00     11416
        15.0       0.93      0.51      0.66      1121
        17.0       0.98      0.96      0.97      2354
        18.0       0.89      0.99      0.94      3456
        25.0       0.99      0.98      0.98       559
        27.0       1.00      0.88      0.94        69

    accuracy                           0.98     34560
   macro avg       0.94      0.92      0.92     34560
weighted avg       0.98      0.98      0.97     34560
