[[ 403    0    0    0    0    0    0    0    0    0    0    0    0    0
     0    0    0    0    0    0    0]
 [   0 1810    0    0    0    0    0    0    0    0    0    0    0    0
     0    0    0    0    0    0    0]
 [   0    0  301    0    0    0    0    0    0    0    0    0    0    0
     0    0    0    0    0    0    0]
 [   0    0    0  438    0    0    0    0    0    0    0    0    0    0
     0    0    0    0    0    0    0]
 [   0    0    0    0  267    0    0    0    0    0    0    0    0    0
     0    0    0    0    0    0    0]
 [   0    0    0    0    0  492    0    0    0    0    0    0    0    0
     0    0    0    0    0    0    0]
 [   0    0    0    0    0    0  456    0    0    0    0    0    0    0
     0    0    0    0    0    0    0]
 [   0    0    0    0    0    0    0  245    0    0    0    0    0    0
     0    0    0    0    0    0    0]
 [   0    0    0    0    0    0    0    0  237    0    0    0    0    0
     0    0    0    0    0    0    0]
 [   0    0    0    0    0    0    0    0    0   15    0    0    0    0
     0    0    0    0    0    0    0]
 [   0    0    0    0    0    0    0    0    0    0 5652    0    0    0
     0    0    0    0    0    0    0]
 [   0    0    0    0    0    0    0    0    0    0    0 2427    0    0
     0    0    0    0    0    0    0]
 [   0    0    0    0    0    0    0    0    0    0    0    0 1658    0
     0    0    0    0    0    0    0]
 [   0    0    0    0    0    0    0    0    0    0    0    0    0  235
     0    0    0    0    0    0    0]
 [   0    0    0    0    0    0    0    0    0    0    0    0    0    0
   128    0    0    0    0    0    0]
 [   0    0    0    0    0    0    0    0    0    0    0    0    0    0
     0 1522    0    0    0    0    0]
 [   0    0    0    0    0    0    0    0    0    0    0    0    0    0
     0    0  129    0    0    0    0]
 [   0    0    0    0    0    0    0    0    0    0    0    0    0    0
     0    0    0  165    0    0    0]
 [   0    0    0    0    0    0    0    0    0    0    0    0    0    0
     0    0    0    0  589    0    0]
 [   0    0    0    0    0    0    0    0    0    0    0    0    0    0
     0    0    0    0    0   53    0]
 [   0    0    0    0    0    0    0    0    0    0    0    0    0    0
     0    0    0    0    0    0   58]]              precision    recall  f1-score   support

         1.0       1.00      1.00      1.00       403
         2.0       1.00      1.00      1.00      1810
         3.0       1.00      1.00      1.00       301
         4.0       1.00      1.00      1.00       438
         5.0       1.00      1.00      1.00       267
         6.0       1.00      1.00      1.00       492
         7.0       1.00      1.00      1.00       456
         8.0       1.00      1.00      1.00       245
         9.0       1.00      1.00      1.00       237
        10.0       1.00      1.00      1.00        15
        11.0       1.00      1.00      1.00      5652
        12.0       1.00      1.00      1.00      2427
        13.0       1.00      1.00      1.00      1658
        14.0       1.00      1.00      1.00       235
        15.0       1.00      1.00      1.00       128
        17.0       1.00      1.00      1.00      1522
        18.0       1.00      1.00      1.00       129
        21.0       1.00      1.00      1.00       165
        22.0       1.00      1.00      1.00       589
        25.0       1.00      1.00      1.00        53
        27.0       1.00      1.00      1.00        58

    accuracy                           1.00     17280
   macro avg       1.00      1.00      1.00     17280
weighted avg       1.00      1.00      1.00     17280
[[    0     7     0     0     0     0     0     0     0     0    28     0
      0     0     0]
 [    0 14599   105     0     0     0     0     0     0     0     0     0
      0     0     0]
 [    0     0   662     0     0     0     0     0     0     0     0     0
      0     0     0]
 [    0     0     0   504     0     0     0     0     0     0     0     0
      0     0     0]
 [    0     0     0     3    43     0     0    14     0     0     0     0
      0     0     0]
 [    0     0     0     0     0   594     0     0     0   173     0     0
      0     0     0]
 [    0   440     0     0     0     0 11143     0     4     0     0     0
      0     0     0]
 [    0    13     0     1     9   126     0  2196     0     0     0     0
     42     4     0]
 [    0     4     0     0     0    19     0     0   441     1     0     0
      0     0     0]
 [    0     0     0     0     0    32     0     0     0  1179     0     0
      0     0     0]
 [    0     8     0     0     0     0     0     0     0     0   246     0
      0     0     0]
 [    0    89     0     0     0     0     0     0     0     0     0     0
      0     0     0]
 [    0   109    45     0     0   160     0     0     0     0     0     0
   1078     6     0]
 [    0     0     0     0     0     0     0     0     0     0     0     0
      0   105     0]
 [    0   263     0     0     0     0    37     0     0     0     0     0
      0     0    28]]              precision    recall  f1-score   support

         1.0       0.00      0.00      0.00        35
         2.0       0.94      0.99      0.97     14704
         7.0       0.82      1.00      0.90       662
         8.0       0.99      1.00      1.00       504
         9.0       0.83      0.72      0.77        60
        10.0       0.64      0.77      0.70       767
        11.0       1.00      0.96      0.98     11587
        12.0       0.99      0.92      0.95      2391
        15.0       0.99      0.95      0.97       465
        17.0       0.87      0.97      0.92      1211
        20.0       0.90      0.97      0.93       254
        21.0       0.00      0.00      0.00        89
        22.0       0.96      0.77      0.86      1398
        25.0       0.91      1.00      0.95       105
        27.0       1.00      0.09      0.16       328

    accuracy                           0.95     34560
   macro avg       0.79      0.74      0.74     34560
weighted avg       0.95      0.95      0.94     34560
