[[  71    0    0    0    0    0    0    0    0    0    0    0    0]
 [   0 8060    0    0    0    0    0    0    0    0    0    0    0]
 [   0    0  206    0    0    0    0    0    0    0    0    0    0]
 [   0    0    0   77    0    0    0    0    0    0    0    0    0]
 [   0    0    0    0   19    0    0    0    0    0    0    0    0]
 [   0    0    0    0    0  110    0    0    0    0    0    0    0]
 [   0    0    0    0    0    0 5430    0    0    0    0    0    0]
 [   0    0    0    0    0    0    0 2577    0    0    0    0    0]
 [   0    0    0    0    0    0    0    0   72    0    0    0    0]
 [   0    0    0    0    0    0    0    0    0  101    0    0    0]
 [   0    0    0    0    0    0    0    0    0    0  400    0    0]
 [   0    0    0    0    0    0    0    0    0    0    0   70    0]
 [   0    0    0    0    0    0    0    0    0    0    0    0   87]]              precision    recall  f1-score   support

         1.0       1.00      1.00      1.00        71
         2.0       1.00      1.00      1.00      8060
         3.0       1.00      1.00      1.00       206
         4.0       1.00      1.00      1.00        77
         7.0       1.00      1.00      1.00        19
         8.0       1.00      1.00      1.00       110
        11.0       1.00      1.00      1.00      5430
        12.0       1.00      1.00      1.00      2577
        13.0       1.00      1.00      1.00        72
        15.0       1.00      1.00      1.00       101
        18.0       1.00      1.00      1.00       400
        23.0       1.00      1.00      1.00        70
        27.0       1.00      1.00      1.00        87

    accuracy                           1.00     17280
   macro avg       1.00      1.00      1.00     17280
weighted avg       1.00      1.00      1.00     17280
[[   48     6     0     0     0     0     0    12]
 [    0 19316     0     0     1     0     0     0]
 [    0     0   169     0     0     4     0     0]
 [    0     0     0 11880     0     0     0     0]
 [    0   156     0     0  2150     0     0     0]
 [    0    40     0     0     0    61     0     0]
 [    0     0    14     0     0     0   582    11]
 [    0     5     0     0     0     0     0   105]]              precision    recall  f1-score   support

         1.0       1.00      0.73      0.84        66
         2.0       0.99      1.00      0.99     19317
         4.0       0.92      0.98      0.95       173
        11.0       1.00      1.00      1.00     11880
        12.0       1.00      0.93      0.96      2306
        15.0       0.94      0.60      0.73       101
        17.0       1.00      0.96      0.98       607
        27.0       0.82      0.95      0.88       110

    accuracy                           0.99     34560
   macro avg       0.96      0.89      0.92     34560
weighted avg       0.99      0.99      0.99     34560
