[[ 235    0    0    0    0    0    0    0    0    0    0    0    0    0
     0    0    0    0    0    0    0]
 [   0  978    0    0    0    0    0    0    0    0    0    0    0    0
     0    0    0    0    0    0    0]
 [   0    0  206    0    0    0    0    0    0    0    0    0    0    0
     0    0    0    0    0    0    0]
 [   0    0    0  360    0    0    0    0    0    0    0    0    0    0
     0    0    0    0    0    0    0]
 [   0    0    0    0  217    0    0    0    0    0    0    0    0    0
     0    0    0    0    0    0    0]
 [   0    0    0    0    0  252    0    0    0    0    0    0    0    0
     0    0    0    0    0    0    0]
 [   0    0    0    0    0    0  260    0    0    0    0    0    0    0
     0    0    0    0    0    0    0]
 [   0    0    0    0    0    0    0  234    0    0    0    0    0    0
     0    0    0    0    0    0    0]
 [   0    0    0    0    0    0    0    0   94    0    0    0    0    0
     0    0    0    0    0    0    0]
 [   0    0    0    0    0    0    0    0    0 5373    0    0    0    0
     0    0    0    0    0    0    0]
 [   0    0    0    0    0    0    0    0    0    0 2548    0    0    0
     0    0    0    0    0    0    0]
 [   0    0    0    0    0    0    0    0    0    0    0 2046    0    0
     0    0    0    0    0    0    0]
 [   0    0    0    0    0    0    0    0    0    0    0    0  417    0
     0    0    0    0    0    0    0]
 [   0    0    0    0    0    0    0    0    0    0    0    0    0  363
     0    0    0    0    0    0    0]
 [   0    0    0    0    0    0    0    0    0    0    0    0    0    0
   558    0    0    0    0    0    0]
 [   0    0    0    0    0    0    0    0    0    0    0    0    0    0
     0 1793    0    0    0    0    0]
 [   0    0    0    0    0    0    0    0    0    0    0    0    0    0
     0    0   99    0    0    0    0]
 [   0    0    0    0    0    0    0    0    0    0    0    0    0    0
     0    0    0  801    0    0    0]
 [   0    0    0    0    0    0    0    0    0    0    0    0    0    0
     0    0    0    0  138    0    0]
 [   0    0    0    0    0    0    0    0    0    0    0    0    0    0
     0    0    0    0    0  210    0]
 [   0    0    0    0    0    0    0    0    0    0    0    0    0    0
     0    0    0    0    0    0   98]]              precision    recall  f1-score   support

         1.0       1.00      1.00      1.00       235
         2.0       1.00      1.00      1.00       978
         4.0       1.00      1.00      1.00       206
         5.0       1.00      1.00      1.00       360
         6.0       1.00      1.00      1.00       217
         7.0       1.00      1.00      1.00       252
         8.0       1.00      1.00      1.00       260
         9.0       1.00      1.00      1.00       234
        10.0       1.00      1.00      1.00        94
        11.0       1.00      1.00      1.00      5373
        12.0       1.00      1.00      1.00      2548
        13.0       1.00      1.00      1.00      2046
        14.0       1.00      1.00      1.00       417
        15.0       1.00      1.00      1.00       363
        16.0       1.00      1.00      1.00       558
        17.0       1.00      1.00      1.00      1793
        21.0       1.00      1.00      1.00        99
        22.0       1.00      1.00      1.00       801
        23.0       1.00      1.00      1.00       138
        25.0       1.00      1.00      1.00       210
        27.0       1.00      1.00      1.00        98

    accuracy                           1.00     17280
   macro avg       1.00      1.00      1.00     17280
weighted avg       1.00      1.00      1.00     17280
[[   96     6     0     0     0     0    28     0     8     0     0     0
      0    11]
 [    0 27746     0     0     0     0     0     0     0     0     0     3
      0     0]
 [    0     0   140     0     0     0     0     0     0     0     0     0
     76     0]
 [    0     0     0   364     0     0     0     0     0     0     1     0
      0     0]
 [    0     0     0     0    28     0     0     0    16     0     1     0
      0     0]
 [    9     0     0     0     0  1319     2     0     0     0    23    46
      0     0]
 [   12     0     0     0     0     0  2108     0    62     0    19     0
      0     0]
 [    0     0     0     0     0    26     0    35     0     0     0     0
      0     0]
 [    0     0     0     0     6     0   118     0   752     0     2     0
      0     0]
 [    0     4     0     0     0     0     0     0     0   216     2    85
      0     0]
 [    0     0     0    34     0     0     7     0    10     0   150     0
      0     0]
 [    0   286     0     0     0    40    13     0     0     0     0   290
      0     0]
 [    0     5    22     0     0     0     0     0     0     0     0     0
    239     0]
 [   20     0     0     0     0     0     0     0     0     0     0     0
     54    20]]              precision    recall  f1-score   support

         1.0       0.70      0.64      0.67       149
         2.0       0.99      1.00      0.99     27749
         3.0       0.86      0.65      0.74       216
         4.0       0.91      1.00      0.95       365
        11.0       0.82      0.62      0.71        45
        12.0       0.95      0.94      0.95      1399
        13.0       0.93      0.96      0.94      2201
        15.0       1.00      0.57      0.73        61
        17.0       0.89      0.86      0.87       878
        20.0       1.00      0.70      0.83       307
        21.0       0.76      0.75      0.75       201
        22.0       0.68      0.46      0.55       629
        25.0       0.65      0.90      0.75       266
        27.0       0.65      0.21      0.32        94

    accuracy                           0.97     34560
   macro avg       0.84      0.73      0.77     34560
weighted avg       0.97      0.97      0.97     34560
