[[ 296    0    0    0    0    0    0    0    0    0    0    0    0    0
     0    0    0]
 [   0 2184    0    0    0    0    0    0    0    0    0    0    0    0
     0    0    0]
 [   0    0  335    0    0    0    0    0    0    0    0    0    0    0
     0    0    0]
 [   0    0    0  449    0    0    0    0    0    0    0    0    0    0
     0    0    0]
 [   0    0    0    0  249    0    0    0    0    0    0    0    0    0
     0    0    0]
 [   0    0    0    0    0  335    0    0    0    0    0    0    0    0
     0    0    0]
 [   0    0    0    0    0    0  142    0    0    0    0    0    0    0
     0    0    0]
 [   0    0    0    0    0    0    0   97    0    0    0    0    0    0
     0    0    0]
 [   0    0    0    0    0    0    0    0 6482    0    0    0    0    0
     0    0    0]
 [   0    0    0    0    0    0    0    0    0 1745    0    0    0    0
     0    0    0]
 [   0    0    0    0    0    0    0    0    0    0  414    0    0    0
     0    0    0]
 [   0    0    0    0    0    0    0    0    0    0    0  338    0    0
     0    0    0]
 [   0    0    0    0    0    0    0    0    0    0    0    0 2489    0
     0    0    0]
 [   0    0    0    0    0    0    0    0    0    0    0    0    0   77
     0    0    0]
 [   0    0    0    0    0    0    0    0    0    0    0    0    0    0
  1003    0    0]
 [   0    0    0    0    0    0    0    0    0    0    0    0    0    0
     0  413    0]
 [   0    0    0    0    0    0    0    0    0    0    0    0    0    0
     0    0  232]]              precision    recall  f1-score   support

         1.0       1.00      1.00      1.00       296
         2.0       1.00      1.00      1.00      2184
         3.0       1.00      1.00      1.00       335
         4.0       1.00      1.00      1.00       449
         5.0       1.00      1.00      1.00       249
         6.0       1.00      1.00      1.00       335
         9.0       1.00      1.00      1.00       142
        10.0       1.00      1.00      1.00        97
        11.0       1.00      1.00      1.00      6482
        12.0       1.00      1.00      1.00      1745
        14.0       1.00      1.00      1.00       414
        15.0       1.00      1.00      1.00       338
        17.0       1.00      1.00      1.00      2489
        21.0       1.00      1.00      1.00        77
        22.0       1.00      1.00      1.00      1003
        23.0       1.00      1.00      1.00       413
        27.0       1.00      1.00      1.00       232

    accuracy                           1.00     17280
   macro avg       1.00      1.00      1.00     17280
weighted avg       1.00      1.00      1.00     17280
[[34560]]              precision    recall  f1-score   support

         2.0       1.00      1.00      1.00     34560

    accuracy                           1.00     34560
   macro avg       1.00      1.00      1.00     34560
weighted avg       1.00      1.00      1.00     34560
