[[ 257    0    0    0    0    0    0    0    0    0    0    0]
 [   0 8654    0    0    0    0    0    0    0    0    0    0]
 [   0    0  173    0    0    0    0    0    0    0    0    0]
 [   0    0    0  160    0    0    0    0    0    0    0    0]
 [   0    0    0    0  162    0    0    0    0    0    0    0]
 [   0    0    0    0    0  130    0    0    0    0    0    0]
 [   0    0    0    0    0    0 5866    0    0    0    0    0]
 [   0    0    0    0    0    0    0 1318    0    0    0    0]
 [   0    0    0    0    0    0    0    0   80    0    0    0]
 [   0    0    0    0    0    0    0    0    0  418    0    0]
 [   0    0    0    0    0    0    0    0    0    0   23    0]
 [   0    0    0    0    0    0    0    0    0    0    0   39]]              precision    recall  f1-score   support

         1.0       1.00      1.00      1.00       257
         2.0       1.00      1.00      1.00      8654
         3.0       1.00      1.00      1.00       173
         4.0       1.00      1.00      1.00       160
         7.0       1.00      1.00      1.00       162
         8.0       1.00      1.00      1.00       130
        11.0       1.00      1.00      1.00      5866
        12.0       1.00      1.00      1.00      1318
        15.0       1.00      1.00      1.00        80
        17.0       1.00      1.00      1.00       418
        21.0       1.00      1.00      1.00        23
        27.0       1.00      1.00      1.00        39

    accuracy                           1.00     17280
   macro avg       1.00      1.00      1.00     17280
weighted avg       1.00      1.00      1.00     17280
[[17200     0     0     0     0     0     0     0     0]
 [    0   304     0     0     0     0    13     0     0]
 [    0     0   323     0     7     0     0     0     0]
 [    0     0     0 11685     0     0     0     0     0]
 [    0     0    17     0  3581     0     0     0     0]
 [    0     0     0     0    31   121     0     0     0]
 [    0     0     0     0     0     1   820     1     9]
 [    0     0     0     0     0     0    56     8    49]
 [    0     0     0     0     9     0    82     0   243]]              precision    recall  f1-score   support

         2.0       1.00      1.00      1.00     17200
         4.0       1.00      0.96      0.98       317
         8.0       0.95      0.98      0.96       330
        11.0       1.00      1.00      1.00     11685
        12.0       0.99      1.00      0.99      3598
        15.0       0.99      0.80      0.88       152
        17.0       0.84      0.99      0.91       831
        21.0       0.89      0.07      0.13       113
        27.0       0.81      0.73      0.77       334

    accuracy                           0.99     34560
   macro avg       0.94      0.83      0.85     34560
weighted avg       0.99      0.99      0.99     34560
