[[ 453    0    0    0    0    0    0    0    0    0]
 [   0 9296    0    0    0    0    0    0    0    0]
 [   0    0   47    0    0    0    0    0    0    0]
 [   0    0    0 5526    0    0    0    0    0    0]
 [   0    0    0    0 1538    0    0    0    0    0]
 [   0    0    0    0    0  211    0    0    0    0]
 [   0    0    0    0    0    0   30    0    0    0]
 [   0    0    0    0    0    0    0   67    0    0]
 [   0    0    0    0    0    0    0    0   45    0]
 [   0    0    0    0    0    0    0    0    0   67]]              precision    recall  f1-score   support

         1.0       1.00      1.00      1.00       453
         2.0       1.00      1.00      1.00      9296
        10.0       1.00      1.00      1.00        47
        11.0       1.00      1.00      1.00      5526
        12.0       1.00      1.00      1.00      1538
        13.0       1.00      1.00      1.00       211
        14.0       1.00      1.00      1.00        30
        15.0       1.00      1.00      1.00        67
        21.0       1.00      1.00      1.00        45
        27.0       1.00      1.00      1.00        67

    accuracy                           1.00     17280
   macro avg       1.00      1.00      1.00     17280
weighted avg       1.00      1.00      1.00     17280
[[  623     0     0     0    36     0]
 [    0 30520     0     0     0     0]
 [    0     0   680     0     0     0]
 [    0     0     0  2629     3     0]
 [    4     0     0     0    43     0]
 [    0     0     0     0    13     9]]              precision    recall  f1-score   support

         1.0       0.99      0.95      0.97       659
         2.0       1.00      1.00      1.00     30520
        11.0       1.00      1.00      1.00       680
        12.0       1.00      1.00      1.00      2632
        15.0       0.45      0.91      0.61        47
        27.0       1.00      0.41      0.58        22

    accuracy                           1.00     34560
   macro avg       0.91      0.88      0.86     34560
weighted avg       1.00      1.00      1.00     34560
