[[ 368    0    0    0    0    0    0    0    0    0    0    0    0    0
     0    0    0]
 [   0 3955    0    0    0    0    0    0    0    0    0    0    0    0
     0    0    0]
 [   0    0  161    0    0    0    0    0    0    0    0    0    0    0
     0    0    0]
 [   0    0    0  139    0    0    0    0    0    0    0    0    0    0
     0    0    0]
 [   0    0    0    0   29    0    0    0    0    0    0    0    0    0
     0    0    0]
 [   0    0    0    0    0   47    0    0    0    0    0    0    0    0
     0    0    0]
 [   0    0    0    0    0    0 7170    0    0    0    0    0    0    0
     0    0    0]
 [   0    0    0    0    0    0    0  894    0    0    0    0    0    0
     0    0    0]
 [   0    0    0    0    0    0    0    0  800    0    0    0    0    0
     0    0    0]
 [   0    0    0    0    0    0    0    0    0  257    0    0    0    0
     0    0    0]
 [   0    0    0    0    0    0    0    0    0    0  141    0    0    0
     0    0    0]
 [   0    0    0    0    0    0    0    0    0    0    0  429    0    0
     0    0    0]
 [   0    0    0    0    0    0    0    0    0    0    0    0 1775    0
     0    0    0]
 [   0    0    0    0    0    0    0    0    0    0    0    0    0  275
     0    0    0]
 [   0    0    0    0    0    0    0    0    0    0    0    0    0    0
    99    0    0]
 [   0    0    0    0    0    0    0    0    0    0    0    0    0    0
     0  541    0]
 [   0    0    0    0    0    0    0    0    0    0    0    0    0    0
     0    0  200]]              precision    recall  f1-score   support

         1.0       1.00      1.00      1.00       368
         2.0       1.00      1.00      1.00      3955
         3.0       1.00      1.00      1.00       161
         4.0       1.00      1.00      1.00       139
         9.0       1.00      1.00      1.00        29
        10.0       1.00      1.00      1.00        47
        11.0       1.00      1.00      1.00      7170
        12.0       1.00      1.00      1.00       894
        13.0       1.00      1.00      1.00       800
        14.0       1.00      1.00      1.00       257
        15.0       1.00      1.00      1.00       141
        17.0       1.00      1.00      1.00       429
        18.0       1.00      1.00      1.00      1775
        19.0       1.00      1.00      1.00       275
        21.0       1.00      1.00      1.00        99
        24.0       1.00      1.00      1.00       541
        27.0       1.00      1.00      1.00       200

    accuracy                           1.00     17280
   macro avg       1.00      1.00      1.00     17280
weighted avg       1.00      1.00      1.00     17280
[[  236     0     0     0     0     0     0    23     1]
 [    0  7837     0     0     0     0     0     0     0]
 [    0     0   310     0     0     0     0     0     0]
 [    0     0     0 14172     0     0     0     0     0]
 [    0     0     0     0   551     7     0    16     0]
 [    0     0     0     0     0   970    16    43     0]
 [    0     0    15     0     0     0  2478     0     0]
 [   62     0     0     0    26     0     0  7729     0]
 [    0     0     0     0     4     0     0     2    62]]              precision    recall  f1-score   support

         1.0       0.79      0.91      0.85       260
         2.0       1.00      1.00      1.00      7837
         4.0       0.95      1.00      0.98       310
        11.0       1.00      1.00      1.00     14172
        12.0       0.95      0.96      0.95       574
        15.0       0.99      0.94      0.97      1029
        17.0       0.99      0.99      0.99      2493
        18.0       0.99      0.99      0.99      7817
        27.0       0.98      0.91      0.95        68

    accuracy                           0.99     34560
   macro avg       0.96      0.97      0.96     34560
weighted avg       0.99      0.99      0.99     34560
