[[ 385    0    0    0    0    0    0    0    0    0    0    0]
 [   0  161    0    0    0    0    0    0    0    0    0    0]
 [   0    0  216    0    0    0    0    0    0    0    0    0]
 [   0    0    0  993    0    0    0    0    0    0    0    0]
 [   0    0    0    0  153    0    0    0    0    0    0    0]
 [   0    0    0    0    0  174    0    0    0    0    0    0]
 [   0    0    0    0    0    0   53    0    0    0    0    0]
 [   0    0    0    0    0    0    0 7659    0    0    0    0]
 [   0    0    0    0    0    0    0    0 1071    0    0    0]
 [   0    0    0    0    0    0    0    0    0 6227    0    0]
 [   0    0    0    0    0    0    0    0    0    0  180    0]
 [   0    0    0    0    0    0    0    0    0    0    0    8]]              precision    recall  f1-score   support

         1.0       1.00      1.00      1.00       385
         3.0       1.00      1.00      1.00       161
         4.0       1.00      1.00      1.00       216
         5.0       1.00      1.00      1.00       993
         6.0       1.00      1.00      1.00       153
         9.0       1.00      1.00      1.00       174
        10.0       1.00      1.00      1.00        53
        11.0       1.00      1.00      1.00      7659
        12.0       1.00      1.00      1.00      1071
        13.0       1.00      1.00      1.00      6227
        15.0       1.00      1.00      1.00       180
        25.0       1.00      1.00      1.00         8

    accuracy                           1.00     17280
   macro avg       1.00      1.00      1.00     17280
weighted avg       1.00      1.00      1.00     17280
[[  113     0     0     0     0     0     0     0     0     0     0]
 [    0   422     0     0     0     0     0     0     0     0     0]
 [    3     0   399     0     0     0     0     0     0     0     0]
 [    0     0     0    13     0     0     0     0    42     2     0]
 [    0     0     0     0 14977     0     0     0     0     0     0]
 [    0     0     0     0     0  1941     0     0     0     0     0]
 [    9     0     3     0     0     0  2782     0   120    47     0]
 [    0     0     0     0     0    32     0   530    22   289     0]
 [    0     0     0     0     0     0     0     0  1012  1027     0]
 [    0     3     0     0     0     9     0    76    57 10622     4]
 [    0     0     0     0     0     0     0     2     0     0     2]]              precision    recall  f1-score   support

         1.0       0.90      1.00      0.95       113
         4.0       0.99      1.00      1.00       422
         6.0       0.99      0.99      0.99       402
        10.0       1.00      0.23      0.37        57
        11.0       1.00      1.00      1.00     14977
        12.0       0.98      1.00      0.99      1941
        13.0       1.00      0.94      0.97      2961
        15.0       0.87      0.61      0.72       873
        16.0       0.81      0.50      0.61      2039
        18.0       0.89      0.99      0.93     10771
        25.0       0.33      0.50      0.40         4

    accuracy                           0.95     34560
   macro avg       0.89      0.80      0.81     34560
weighted avg       0.95      0.95      0.94     34560
