[[ 125    0    0    0    0    0    0    0    0    0    0    0    0    0]
 [   0 6500    0    0    0    0    0    0    0    0    0    0    0    0]
 [   0    0  250    0    0    0    0    0    0    0    0    0    0    0]
 [   0    0    0  239    0    0    0    0    0    0    0    0    0    0]
 [   0    0    0    0   55    0    0    0    0    0    0    0    0    0]
 [   0    0    0    0    0 5324    0    0    0    0    0    0    0    0]
 [   0    0    0    0    0    0 2192    0    0    0    0    0    0    0]
 [   0    0    0    0    0    0    0  120    0    0    0    0    0    0]
 [   0    0    0    0    0    0    0    0  237    0    0    0    0    0]
 [   0    0    0    0    0    0    0    0    0  403    0    0    0    0]
 [   0    0    0    0    0    0    0    0    0    0  672    0    0    0]
 [   0    0    0    0    0    0    0    0    0    0    0  162    0    0]
 [   0    0    0    0    0    0    0    0    0    0    0    0  885    0]
 [   0    0    0    0    0    0    0    0    0    0    0    0    0  116]]              precision    recall  f1-score   support

         1.0       1.00      1.00      1.00       125
         2.0       1.00      1.00      1.00      6500
         3.0       1.00      1.00      1.00       250
         4.0       1.00      1.00      1.00       239
         9.0       1.00      1.00      1.00        55
        11.0       1.00      1.00      1.00      5324
        12.0       1.00      1.00      1.00      2192
        14.0       1.00      1.00      1.00       120
        15.0       1.00      1.00      1.00       237
        16.0       1.00      1.00      1.00       403
        18.0       1.00      1.00      1.00       672
        21.0       1.00      1.00      1.00       162
        22.0       1.00      1.00      1.00       885
        27.0       1.00      1.00      1.00       116

    accuracy                           1.00     17280
   macro avg       1.00      1.00      1.00     17280
weighted avg       1.00      1.00      1.00     17280
[[  909     0    11     4    66   152     0     2     2     0     0     0
     29     7]
 [    7 12810     0     0     0     0     0     0     0     0     0     0
      0     0]
 [    0     0    33     0    37     0     0     0     0     0     0     0
      0     0]
 [    4     0    26   382    76     0    41     0     0     0     0     0
      0     0]
 [    0     0     0     0  4104     0     0     0  1986     0     0     0
      0     0]
 [   14     0     0     0     0  5110     0     0     0    52     4     0
    169     0]
 [   16     0     0    29     0     0   908     0     0     0     0     0
      0     0]
 [    3     0     3     0    21     0     0   419     0     0     0     0
      0     0]
 [    0     0     7     0   814     8     0     0  4821     9     0     0
      0     0]
 [    0     0     0     0     0     0     0     0     0   608     4     0
      0     0]
 [    0     0     0     0     0     0     0     0     0    18    20     0
      0     0]
 [    0     0     5     0    86     0     0     0     0     0     0     0
      0     0]
 [   30     0     0     0     0    76     0     0     0     0     0     0
    292     0]
 [    0    16     0     0     0     3     0     0     0     0     0     0
      0   307]]              precision    recall  f1-score   support

         1.0       0.92      0.77      0.84      1182
         2.0       1.00      1.00      1.00     12817
         9.0       0.39      0.47      0.43        70
        10.0       0.92      0.72      0.81       529
        11.0       0.79      0.67      0.73      6090
        12.0       0.96      0.96      0.96      5349
        14.0       0.96      0.95      0.95       953
        15.0       1.00      0.94      0.97       446
        16.0       0.71      0.85      0.77      5659
        17.0       0.89      0.99      0.94       612
        18.0       0.71      0.53      0.61        38
        21.0       0.00      0.00      0.00        91
        22.0       0.60      0.73      0.66       398
        27.0       0.98      0.94      0.96       326

    accuracy                           0.89     34560
   macro avg       0.77      0.75      0.76     34560
weighted avg       0.89      0.89      0.89     34560
