[[ 222    0    0    0    0    0    0    0    0    0    0    0    0    0]
 [   0 5905    0    0    0    0    0    0    0    0    0    0    0    0]
 [   0    0  191    0    0    0    0    0    0    0    0    0    0    0]
 [   0    0    0  135    0    0    0    0    0    0    0    0    0    0]
 [   0    0    0    0  162    0    0    0    0    0    0    0    0    0]
 [   0    0    0    0    0   75    0    0    0    0    0    0    0    0]
 [   0    0    0    0    0    0 6330    0    0    0    0    0    0    0]
 [   0    0    0    0    0    0    0 3236    0    0    0    0    0    0]
 [   0    0    0    0    0    0    0    0  562    0    0    0    0    0]
 [   0    0    0    0    0    0    0    0    0   79    0    0    0    0]
 [   0    0    0    0    0    0    0    0    0    0   76    0    0    0]
 [   0    0    0    0    0    0    0    0    0    0    0  181    0    0]
 [   0    0    0    0    0    0    0    0    0    0    0    0   56    0]
 [   0    0    0    0    0    0    0    0    0    0    0    0    0   70]]              precision    recall  f1-score   support

         1.0       1.00      1.00      1.00       222
         2.0       1.00      1.00      1.00      5905
         3.0       1.00      1.00      1.00       191
         4.0       1.00      1.00      1.00       135
         7.0       1.00      1.00      1.00       162
         8.0       1.00      1.00      1.00        75
        11.0       1.00      1.00      1.00      6330
        12.0       1.00      1.00      1.00      3236
        13.0       1.00      1.00      1.00       562
        14.0       1.00      1.00      1.00        79
        15.0       1.00      1.00      1.00        76
        18.0       1.00      1.00      1.00       181
        21.0       1.00      1.00      1.00        56
        27.0       1.00      1.00      1.00        70

    accuracy                           1.00     17280
   macro avg       1.00      1.00      1.00     17280
weighted avg       1.00      1.00      1.00     17280
[[  130     0     0     0    56     0     0     0]
 [    0 18582     0     0     0     0     0     0]
 [    0     0   279     0     1     0     2     0]
 [    0     0     0 13246     0     0     0     0]
 [    0     0     0     0   503     0     0     0]
 [    0     0     0     0     1  1240     0     0]
 [    0     0     0     0     0     2   418     0]
 [    2     0     0     0    44     0     0    54]]              precision    recall  f1-score   support

         1.0       0.98      0.70      0.82       186
         2.0       1.00      1.00      1.00     18582
         4.0       1.00      0.99      0.99       282
        11.0       1.00      1.00      1.00     13246
        15.0       0.83      1.00      0.91       503
        17.0       1.00      1.00      1.00      1241
        18.0       1.00      1.00      1.00       420
        27.0       1.00      0.54      0.70       100

    accuracy                           1.00     34560
   macro avg       0.98      0.90      0.93     34560
weighted avg       1.00      1.00      1.00     34560
