[[ 769    0    0    0    0    0    0    0    0    0]
 [   0 7085    0    0    0    0    0    0    0    0]
 [   0    0   79    0    0    0    0    0    0    0]
 [   0    0    0  151    0    0    0    0    0    0]
 [   0    0    0    0 6703    0    0    0    0    0]
 [   0    0    0    0    0 1304    0    0    0    0]
 [   0    0    0    0    0    0  866    0    0    0]
 [   0    0    0    0    0    0    0  103    0    0]
 [   0    0    0    0    0    0    0    0  101    0]
 [   0    0    0    0    0    0    0    0    0  119]]              precision    recall  f1-score   support

         1.0       1.00      1.00      1.00       769
         2.0       1.00      1.00      1.00      7085
         3.0       1.00      1.00      1.00        79
         4.0       1.00      1.00      1.00       151
        11.0       1.00      1.00      1.00      6703
        12.0       1.00      1.00      1.00      1304
        13.0       1.00      1.00      1.00       866
        14.0       1.00      1.00      1.00       103
        15.0       1.00      1.00      1.00       101
        27.0       1.00      1.00      1.00       119

    accuracy                           1.00     17280
   macro avg       1.00      1.00      1.00     17280
weighted avg       1.00      1.00      1.00     17280
[[ 2961     0    11     0     0     1     0     0     0     0     0    16]
 [    0 14337     0     0     0     0     0     0     0     0     0     0]
 [    0     0   263     0     0     0     0     1     0     0     0     0]
 [    0     0     0 10117     0     0     0     0     0     0     0     0]
 [    0     0     0     0  2584     0     0     0     0     0     0     0]
 [   31     0     0     0     0   237     0     0     0     0     0     0]
 [   74     0     0     0    23     0    30     0     0     0     0     0]
 [  998     0     2     0     0     0     0   426     0     0     0     0]
 [    0     0     0     0     1     0     0     0  1984     0     0     7]
 [  200     0     0     0     0     0     0     0     0     1     0     0]
 [  120     0     0     0     0     0     0     0     0     1     0     0]
 [   19     0     0     0     0     0     0     0     0     0     0   115]]              precision    recall  f1-score   support

         1.0       0.67      0.99      0.80      2989
         2.0       1.00      1.00      1.00     14337
         4.0       0.95      1.00      0.97       264
        11.0       1.00      1.00      1.00     10117
        12.0       0.99      1.00      1.00      2584
        14.0       1.00      0.88      0.94       268
        15.0       1.00      0.24      0.38       127
        17.0       1.00      0.30      0.46      1426
        18.0       1.00      1.00      1.00      1992
        20.0       0.50      0.00      0.01       201
        21.0       0.00      0.00      0.00       121
        27.0       0.83      0.86      0.85       134

    accuracy                           0.96     34560
   macro avg       0.83      0.69      0.70     34560
weighted avg       0.96      0.96      0.95     34560
