[[ 751    0    0    0    0    0    0    0    0    0    0    0    0    0
     0    0    0    0    0]
 [   0  315    0    0    0    0    0    0    0    0    0    0    0    0
     0    0    0    0    0]
 [   0    0  370    0    0    0    0    0    0    0    0    0    0    0
     0    0    0    0    0]
 [   0    0    0  156    0    0    0    0    0    0    0    0    0    0
     0    0    0    0    0]
 [   0    0    0    0   97    0    0    0    0    0    0    0    0    0
     0    0    0    0    0]
 [   0    0    0    0    0  257    0    0    0    0    0    0    0    0
     0    0    0    0    0]
 [   0    0    0    0    0    0  353    0    0    0    0    0    0    0
     0    0    0    0    0]
 [   0    0    0    0    0    0    0  243    0    0    0    0    0    0
     0    0    0    0    0]
 [   0    0    0    0    0    0    0    0  118    0    0    0    0    0
     0    0    0    0    0]
 [   0    0    0    0    0    0    0    0    0 5677    0    0    0    0
     0    0    0    0    0]
 [   0    0    0    0    0    0    0    0    0    0 2119    0    0    0
     0    0    0    0    0]
 [   0    0    0    0    0    0    0    0    0    0    0 2682    0    0
     0    0    0    0    0]
 [   0    0    0    0    0    0    0    0    0    0    0    0  256    0
     0    0    0    0    0]
 [   0    0    0    0    0    0    0    0    0    0    0    0    0  485
     0    0    0    0    0]
 [   0    0    0    0    0    0    0    0    0    0    0    0    0    0
  2602    0    0    0    0]
 [   0    0    0    0    0    0    0    0    0    0    0    0    0    0
     0  210    0    0    0]
 [   0    0    0    0    0    0    0    0    0    0    0    0    0    0
     0    0  401    0    0]
 [   0    0    0    0    0    0    0    0    0    0    0    0    0    0
     0    0    0  128    0]
 [   0    0    0    0    0    0    0    0    0    0    0    0    0    0
     0    0    0    0   60]]              precision    recall  f1-score   support

         1.0       1.00      1.00      1.00       751
         3.0       1.00      1.00      1.00       315
         4.0       1.00      1.00      1.00       370
         5.0       1.00      1.00      1.00       156
         6.0       1.00      1.00      1.00        97
         7.0       1.00      1.00      1.00       257
         8.0       1.00      1.00      1.00       353
         9.0       1.00      1.00      1.00       243
        10.0       1.00      1.00      1.00       118
        11.0       1.00      1.00      1.00      5677
        12.0       1.00      1.00      1.00      2119
        13.0       1.00      1.00      1.00      2682
        14.0       1.00      1.00      1.00       256
        15.0       1.00      1.00      1.00       485
        17.0       1.00      1.00      1.00      2602
        21.0       1.00      1.00      1.00       210
        22.0       1.00      1.00      1.00       401
        23.0       1.00      1.00      1.00       128
        25.0       1.00      1.00      1.00        60

    accuracy                           1.00     17280
   macro avg       1.00      1.00      1.00     17280
weighted avg       1.00      1.00      1.00     17280
[[ 282    6    0    0    0   30    0    1    0    0    0   24    0    0
     0    0    0    0]
 [   0 6593    0    0    0    0    0  255    0    0    0   24    0    0
     0    7    0    0]
 [   0    0 1077    2    0    0    0  104    0    0    4    0    0    0
     0    0    0    0]
 [   0    0   32  897    2    0    2    0    0    0    0    0    0    0
     0    0    0    0]
 [   0    0    0    5  177    0   42   14    0    0    0    0    0    0
     0   15    0    0]
 [   0    0    0    0   60  108  137   55    0    0    0   36    0    0
     0    0    0    0]
 [   0  274    0    0    0    0 7139    0    0    0    0    0    0    0
     0    0    0    0]
 [  26  225    0    0    5    0    0 4703    0    0  248  236    0    0
     0   50    3    0]
 [   1    0    0    0    0    0    0   59  434    0    0   67    0    0
     0    0    0    0]
 [   0   46    0    0    0    0   20    5   17  737    3    4    0    5
     0    0    0    0]
 [   5    0    5    0    0    0    0   76    0    0 3291    0    0    1
     0    0    0    0]
 [   0  594    0    0    0    0    0  200    0    0   14 2690    0    0
     0   65    0    0]
 [   0   10    0    0    0    0    0   48    0    0    0   27  374    0
     0    0    0    0]
 [   0    0    0    0    0    0    0    0    0    0    0    0    0  186
     0    0    0    0]
 [   0    0    0    0    0    0  114    0    0    0    0    0    0    0
     3    0    0    0]
 [   0  595    0    0    9    0    0  136    0    0    0  141    0    0
     0 1399    0    0]
 [   0    0    0    0    0    0    0    0    0    0    0    5    0    0
     0    0  157    0]
 [   0  107    0    0    0    0    0    0    0    0    0    0    0    0
     0    2    0    8]]              precision    recall  f1-score   support

         1.0       0.90      0.82      0.86       343
         2.0       0.78      0.96      0.86      6879
         7.0       0.97      0.91      0.94      1187
         8.0       0.99      0.96      0.98       933
         9.0       0.70      0.70      0.70       253
        10.0       0.78      0.27      0.40       396
        11.0       0.96      0.96      0.96      7413
        12.0       0.83      0.86      0.84      5496
        14.0       0.96      0.77      0.86       561
        15.0       1.00      0.88      0.94       837
        16.0       0.92      0.97      0.95      3378
        17.0       0.83      0.75      0.79      3563
        18.0       1.00      0.81      0.90       459
        20.0       0.97      1.00      0.98       186
        21.0       1.00      0.03      0.05       117
        22.0       0.91      0.61      0.73      2280
        25.0       0.98      0.97      0.98       162
        27.0       1.00      0.07      0.13       117

    accuracy                           0.88     34560
   macro avg       0.92      0.74      0.77     34560
weighted avg       0.88      0.88      0.87     34560
