[[  102     0     0     0     0     0     0     0     0     0     0     0]
 [    0 10926     0     0     0     0     0     0     0     0     0     0]
 [    0     0    69     0     0     0     0     0     0     0     0     0]
 [    0     0     0   122     0     0     0     0     0     0     0     0]
 [    0     0     0     0    27     0     0     0     0     0     0     0]
 [    0     0     0     0     0  5417     0     0     0     0     0     0]
 [    0     0     0     0     1     0   412     0     0     0     0     0]
 [    0     0     0     0     0     0     0    54     0     0     0     0]
 [    0     0     0     0     0     0     0     0    85     0     0     0]
 [    0     0     0     0     0     0     0     0     0    16     0     0]
 [    0     0     0     0     0     0     0     0     0     0    11     0]
 [    0     0     0     0     0     0     0     0     0     0     0    38]]              precision    recall  f1-score   support

         1.0       1.00      1.00      1.00       102
         2.0       1.00      1.00      1.00     10926
         3.0       1.00      1.00      1.00        69
         4.0       1.00      1.00      1.00       122
         9.0       0.96      1.00      0.98        27
        11.0       1.00      1.00      1.00      5417
        12.0       1.00      1.00      1.00       413
        15.0       1.00      1.00      1.00        54
        18.0       1.00      1.00      1.00        85
        21.0       1.00      1.00      1.00        16
        22.0       1.00      1.00      1.00        11
        27.0       1.00      1.00      1.00        38

    accuracy                           1.00     17280
   macro avg       1.00      1.00      1.00     17280
weighted avg       1.00      1.00      1.00     17280
[[  289     0     0     0     0     0     0     3     0]
 [    0 21907     0     0     0     0     0     0     0]
 [    0     0   251     0     0     0     0     0     0]
 [    0     0     0  9528     0     0     0     0     0]
 [    0     0     0     0   830     0     0     0     0]
 [    0     0     0     0     0   139    22     0     0]
 [    0     0     1     0     0     0  1395     0     0]
 [    2     0     0     0     0     0     0    86     0]
 [    3     0     0     0     0     0     0     7    97]]              precision    recall  f1-score   support

         1.0       0.98      0.99      0.99       292
         2.0       1.00      1.00      1.00     21907
         4.0       1.00      1.00      1.00       251
        11.0       1.00      1.00      1.00      9528
        12.0       1.00      1.00      1.00       830
        15.0       1.00      0.86      0.93       161
        17.0       0.98      1.00      0.99      1396
        21.0       0.90      0.98      0.93        88
        27.0       1.00      0.91      0.95       107

    accuracy                           1.00     34560
   macro avg       0.98      0.97      0.98     34560
weighted avg       1.00      1.00      1.00     34560
