[[ 529    0    0    0    0    0    0    0    0    0    0    0    0    0
     0    0    0    0]
 [   0 2674    0    0    0    0    0    0    0    0    0    0    0    0
     0    0    0    0]
 [   0    0  267    0    0    0    0    0    0    0    0    0    0    0
     0    0    0    0]
 [   0    0    0  417    0    0    0    0    0    0    0    0    0    0
     0    0    0    0]
 [   0    0    0    0  463    0    0    0    0    0    0    0    0    0
     0    0    0    0]
 [   0    0    0    0    0  129    0    0    0    0    0    0    0    0
     0    0    0    0]
 [   0    0    0    0    0    0  130    0    0    0    0    0    0    0
     0    0    0    0]
 [   0    0    0    0    0    0    0 6168    0    0    0    0    0    0
     0    0    0    0]
 [   0    0    0    0    0    0    0    0  884    0    0    0    0    0
     0    0    0    0]
 [   0    0    0    0    0    0    0    0    0  197    0    0    0    0
     0    0    0    0]
 [   0    0    0    0    0    0    0    0    0    0  506    0    0    0
     0    0    0    0]
 [   0    0    0    0    0    0    0    0    0    0    0 2039    0    0
     0    0    0    0]
 [   0    0    0    0    0    0    0    0    0    0    0    0  290    0
     0    0    0    0]
 [   0    0    0    0    0    0    0    0    0    0    0    0    0  165
     0    0    0    0]
 [   0    0    0    0    0    0    0    0    0    0    0    0    0    0
  2050    0    0    0]
 [   0    0    0    0    0    0    0    0    0    0    0    0    0    0
     0  160    0    0]
 [   0    0    0    0    0    0    0    0    0    0    0    0    0    0
     0    0   56    0]
 [   0    0    0    0    0    0    0    0    0    0    0    0    0    0
     0    0    0  156]]              precision    recall  f1-score   support

         1.0       1.00      1.00      1.00       529
         2.0       1.00      1.00      1.00      2674
         3.0       1.00      1.00      1.00       267
         4.0       1.00      1.00      1.00       417
         5.0       1.00      1.00      1.00       463
         6.0       1.00      1.00      1.00       129
         9.0       1.00      1.00      1.00       130
        11.0       1.00      1.00      1.00      6168
        12.0       1.00      1.00      1.00       884
        14.0       1.00      1.00      1.00       197
        15.0       1.00      1.00      1.00       506
        17.0       1.00      1.00      1.00      2039
        18.0       1.00      1.00      1.00       290
        21.0       1.00      1.00      1.00       165
        22.0       1.00      1.00      1.00      2050
        23.0       1.00      1.00      1.00       160
        25.0       1.00      1.00      1.00        56
        27.0       1.00      1.00      1.00       156

    accuracy                           1.00     17280
   macro avg       1.00      1.00      1.00     17280
weighted avg       1.00      1.00      1.00     17280
[[    9   235     0     3     0     0     0     0     0     0     0     0]
 [    0 18812     0     2     0     0     1     0     0     0     0     0]
 [    0  1966  4535     0     0     0  1256     0     6     0     0     0]
 [    0   172     0   913     0     0    15     0     0     0     3     0]
 [    0    67     0     2   318     0     0     5     0     0     0     0]
 [    0    40     0     0     9   626     0     0     0     0     0     0]
 [    0    43     1     9     0     0  3866     0     0     0     0     0]
 [    0    36     0     0     0     0     0   708     0     0     0     0]
 [    0     0    89    25     0     0   129     0    35     0     0     0]
 [    0    11     0     0     0     0     0     0     0   199     0     0]
 [    0     3     0     0     0     0     0     0     0     0   116     0]
 [    0   257     0     0     0     0     0     8     0     0     0    30]]              precision    recall  f1-score   support

         1.0       1.00      0.04      0.07       247
         2.0       0.87      1.00      0.93     18815
        11.0       0.98      0.58      0.73      7763
        12.0       0.96      0.83      0.89      1103
        14.0       0.97      0.81      0.88       392
        15.0       1.00      0.93      0.96       675
        16.0       0.73      0.99      0.84      3919
        17.0       0.98      0.95      0.97       744
        18.0       0.85      0.13      0.22       278
        20.0       1.00      0.95      0.97       210
        25.0       0.97      0.97      0.97       119
        27.0       1.00      0.10      0.18       295

    accuracy                           0.87     34560
   macro avg       0.94      0.69      0.72     34560
weighted avg       0.89      0.87      0.86     34560
