[[ 463    0    0    0    0    0    0    0    0    0    0    0    0    0
     0    0    0]
 [   0 4130    0    0    0    0    0    0    0    0    0    0    0    0
     0    0    0]
 [   0    0  295    0    0    0    0    0    0    0    0    0    0    0
     0    0    0]
 [   0    0    0  465    0    0    0    0    0    0    0    0    0    0
     0    0    0]
 [   0    0    0    0  121    0    0    0    0    0    0    0    0    0
     0    0    0]
 [   0    0    0    0    0  124    0    0    0    0    0    0    0    0
     0    0    0]
 [   0    0    0    0    0    0  195    0    0    0    0    0    0    0
     0    0    0]
 [   0    0    0    0    0    0    0  582    0    0    0    0    0    0
     0    0    0]
 [   0    0    0    0    0    0    0    0 6432    0    0    0    0    0
     0    0    0]
 [   0    0    0    0    0    0    0    0    0  316    0    0    0    0
     0    0    0]
 [   0    0    0    0    0    0    0    0    0    0 2046    0    0    0
     0    0    0]
 [   0    0    0    0    0    0    0    0    0    0    0  189    0    0
     0    0    0]
 [   0    0    0    0    0    0    0    0    0    0    0    0  596    0
     0    0    0]
 [   0    0    0    0    0    0    0    0    0    0    0    0    0  100
     0    0    0]
 [   0    0    0    0    0    0    0    0    0    0    0    0    0    0
   640    0    0]
 [   0    0    0    0    0    0    0    0    0    0    0    0    0    0
     0  536    0]
 [   0    0    0    0    0    0    0    0    0    0    0    0    0    0
     0    0   50]]              precision    recall  f1-score   support

         1.0       1.00      1.00      1.00       463
         2.0       1.00      1.00      1.00      4130
         3.0       1.00      1.00      1.00       295
         4.0       1.00      1.00      1.00       465
         5.0       1.00      1.00      1.00       121
         6.0       1.00      1.00      1.00       124
         9.0       1.00      1.00      1.00       195
        10.0       1.00      1.00      1.00       582
        11.0       1.00      1.00      1.00      6432
        12.0       1.00      1.00      1.00       316
        13.0       1.00      1.00      1.00      2046
        15.0       1.00      1.00      1.00       189
        17.0       1.00      1.00      1.00       596
        21.0       1.00      1.00      1.00       100
        22.0       1.00      1.00      1.00       640
        26.0       1.00      1.00      1.00       536
        27.0       1.00      1.00      1.00        50

    accuracy                           1.00     17280
   macro avg       1.00      1.00      1.00     17280
weighted avg       1.00      1.00      1.00     17280
[[  585   821     0    18     0     0     0     0     0     0     0     0
      0]
 [   33 20047     0     1     0     0     0     7     3     0     0     0
     48]
 [    0    34    20    69     0     0     0     0     0     0     0     0
      0]
 [    0   238     2   252     0     0     0     0    70     0     0     0
      0]
 [    0   334     0     0  7533     0     0     0     0     0     0     0
      0]
 [    0    81     0    11     0     2     0     0    24     0     0     0
      0]
 [    0    85     0     0     0     0   633     0     0     0     0     0
      0]
 [    4    20     0     0     0     0    17   755     0     0     0     0
      0]
 [   23   502     0     0     0     0     2     0   830     0     0    10
      0]
 [    0     5     0     0     0     0     0     0     0   285     0     0
      0]
 [    3    77     0     0     0     0     0     0     0     0     0     0
      0]
 [    2    77     0     0     0     0     0     0    24     0     0   325
      0]
 [   87   454     0     0     0     0     0     0     0     0     0     0
    107]]              precision    recall  f1-score   support

         1.0       0.79      0.41      0.54      1424
         2.0       0.88      1.00      0.93     20139
         9.0       0.91      0.16      0.28       123
        10.0       0.72      0.45      0.55       562
        11.0       1.00      0.96      0.98      7867
        12.0       1.00      0.02      0.03       118
        14.0       0.97      0.88      0.92       718
        15.0       0.99      0.95      0.97       796
        17.0       0.87      0.61      0.72      1367
        20.0       1.00      0.98      0.99       290
        21.0       0.00      0.00      0.00        80
        22.0       0.97      0.76      0.85       428
        27.0       0.69      0.17      0.27       648

    accuracy                           0.91     34560
   macro avg       0.83      0.56      0.62     34560
weighted avg       0.90      0.91      0.89     34560
