[[ 948    0    0    0    0    0    0    0    0    0    0    0    0    0
     0    0    0    0]
 [   0  849    0    0    0    0    0    0    0    0    0    0    0    0
     0    0    0    0]
 [   0    0  101    0    0    0    0    0    0    0    0    0    0    0
     0    0    0    0]
 [   0    0    0  318    0    0    0    0    0    0    0    0    0    0
     0    0    0    0]
 [   0    0    0    0  246    0    0    0    0    0    0    0    0    0
     0    0    0    0]
 [   0    0    0    0    0  456    0    0    0    0    0    0    0    0
     0    0    0    0]
 [   0    0    0    0    0    0  170    0    0    0    0    0    0    0
     0    0    0    0]
 [   0    0    0    0    0    0    0  189    0    0    0    0    0    0
     0    0    0    0]
 [   0    0    0    0    0    0    0    0 5437    0    0    0    0    0
     0    0    0    0]
 [   0    0    0    0    0    0    0    0    0 2435    0    0    0    0
     0    0    0    0]
 [   0    0    0    0    0    0    0    0    0    0 1226    0    0    0
     0    0    0    0]
 [   0    0    0    0    0    0    0    0    0    0    0  600    0    0
     0    0    0    0]
 [   0    0    0    0    0    0    0    0    0    0    0    0 1887    0
     0    0    0    0]
 [   0    0    0    0    0    0    0    0    0    0    0    0    0  826
     0    0    0    0]
 [   0    0    0    0    0    0    0    0    0    0    0    0    0    0
   123    0    0    0]
 [   0    0    0    0    0    0    0    0    0    0    0    0    0    0
     0   88    0    0]
 [   0    0    0    0    0    0    0    0    0    0    0    0    0    0
     0    0 1297    0]
 [   0    0    0    0    0    0    0    0    0    0    0    0    0    0
     0    0    0   84]]              precision    recall  f1-score   support

         1.0       1.00      1.00      1.00       948
         2.0       1.00      1.00      1.00       849
         3.0       1.00      1.00      1.00       101
         4.0       1.00      1.00      1.00       318
         7.0       1.00      1.00      1.00       246
         8.0       1.00      1.00      1.00       456
         9.0       1.00      1.00      1.00       170
        10.0       1.00      1.00      1.00       189
        11.0       1.00      1.00      1.00      5437
        12.0       1.00      1.00      1.00      2435
        13.0       1.00      1.00      1.00      1226
        15.0       1.00      1.00      1.00       600
        17.0       1.00      1.00      1.00      1887
        18.0       1.00      1.00      1.00       826
        19.0       1.00      1.00      1.00       123
        21.0       1.00      1.00      1.00        88
        22.0       1.00      1.00      1.00      1297
        27.0       1.00      1.00      1.00        84

    accuracy                           1.00     17280
   macro avg       1.00      1.00      1.00     17280
weighted avg       1.00      1.00      1.00     17280
[[ 1052    23     0     0    32     0     0    48     0     2     6    25
      0     2]
 [   11 14634     0     0     0     0     1     0     0     0     0     0
      0     0]
 [   55     0   981     3     0     0     0   113     0     0     0     0
      0     1]
 [    0     0     0   961     2     0     0     0     0     0     0     0
      0     0]
 [    0     0     0     0   323     0     0     0     0     0     0     1
      0     0]
 [    1     0     0     0    28   113     0    12     0     0     0     2
     26     0]
 [    0  2390     0     0     0     0  5074    73     0     0     0     0
      0     0]
 [   45   131     0     0     6     0    38  4877     0    51     0    13
    254     0]
 [    0    31     0     0     3     0     0    31   470     0     0     1
     42     0]
 [    0     0     0     0     0     0     0     0     0  1156     0     0
      0     0]
 [   17     7     0     0     0     0     0     0     0     0   397     0
      0     0]
 [    4     0     0     0    18     0     0     0     0     0     0    52
      0     0]
 [    0     0     0     0     0     0     0   229     0     0     0     0
    435     0]
 [   39   150     0     0     0     0    10     0     0     0     2     0
      0    56]]              precision    recall  f1-score   support

         1.0       0.86      0.88      0.87      1190
         2.0       0.84      1.00      0.91     14646
         7.0       1.00      0.85      0.92      1153
         8.0       1.00      1.00      1.00       963
         9.0       0.78      1.00      0.88       324
        10.0       1.00      0.62      0.77       182
        11.0       0.99      0.67      0.80      7537
        12.0       0.91      0.90      0.90      5415
        15.0       1.00      0.81      0.90       578
        17.0       0.96      1.00      0.98      1156
        20.0       0.98      0.94      0.96       421
        21.0       0.55      0.70      0.62        74
        22.0       0.57      0.66      0.61       664
        27.0       0.95      0.22      0.35       257

    accuracy                           0.88     34560
   macro avg       0.89      0.80      0.82     34560
weighted avg       0.90      0.88      0.88     34560
