[[  96    0    0    0    0    0    0    0    0    0    0    0    0    0
     0    0    0    0]
 [   0 1181    0    0    0    0    0    0    0    0    0    0    0    0
     0    0    0    0]
 [   0    0  624    0    0    0    0    0    0    0    0    0    0    0
     0    0    0    0]
 [   0    0    0  332    0    0    0    0    0    0    0    0    0    0
     0    0    0    0]
 [   0    0    0    0   65    0    0    0    0    0    0    0    0    0
     0    0    0    0]
 [   0    0    0    0    0  135    0    0    0    0    0    0    0    0
     0    0    0    0]
 [   0    0    0    0    0    0 5695    0    0    0    0    0    0    0
     0    0    0    0]
 [   0    0    0    0    0    0    0 2914    0    0    0    0    0    0
     0    0    0    0]
 [   0    0    0    0    0    0    0    0 1926    0    0    0    0    0
     0    0    0    0]
 [   0    0    0    0    0    0    0    0    0  407    0    0    0    0
     0    0    0    0]
 [   0    0    0    0    0    0    0    0    0    0  393    0    0    0
     0    0    0    0]
 [   0    0    0    0    0    0    0    0    0    0    0 1499    0    0
     0    0    0    0]
 [   0    0    0    0    0    0    0    0    0    0    0    0  721    0
     0    0    0    0]
 [   0    0    0    0    0    0    0    0    0    0    0    0    0  178
     0    0    0    0]
 [   0    0    0    0    0    0    0    0    0    0    0    0    0    0
   730    0    0    0]
 [   0    0    0    0    0    0    0    0    0    0    0    0    0    0
     0   78    0    0]
 [   0    0    0    0    0    0    0    0    0    0    0    0    0    0
     0    0  218    0]
 [   0    0    0    0    0    0    0    0    0    0    0    0    0    0
     0    0    0   88]]              precision    recall  f1-score   support

         1.0       1.00      1.00      1.00        96
         2.0       1.00      1.00      1.00      1181
         7.0       1.00      1.00      1.00       624
         8.0       1.00      1.00      1.00       332
         9.0       1.00      1.00      1.00        65
        10.0       1.00      1.00      1.00       135
        11.0       1.00      1.00      1.00      5695
        12.0       1.00      1.00      1.00      2914
        13.0       1.00      1.00      1.00      1926
        14.0       1.00      1.00      1.00       407
        15.0       1.00      1.00      1.00       393
        17.0       1.00      1.00      1.00      1499
        18.0       1.00      1.00      1.00       721
        21.0       1.00      1.00      1.00       178
        22.0       1.00      1.00      1.00       730
        23.0       1.00      1.00      1.00        78
        25.0       1.00      1.00      1.00       218
        27.0       1.00      1.00      1.00        88

    accuracy                           1.00     17280
   macro avg       1.00      1.00      1.00     17280
weighted avg       1.00      1.00      1.00     17280
[[  209     0     0     0     0     0     0     0     0     0     0     0
      0     0     0     0     0     0]
 [    0  2354     0     0     0     0     0     0     0     0     0     0
      0     0     0     0     0     0]
 [    0     0  1132     0     0     0     0     0     0     0     0     0
      0     0     0     0     0     0]
 [    0     0     0   702     0     0     0     0     0     0     0     0
      0     0     0     0     0     0]
 [    0     0     0     0   124     0     0     0     0     0     0     0
      0     0     0     0     0     0]
 [    0     0     0     0     0   254     0     0     0     0     0     0
      0     0     0     0     0     0]
 [    0     0     0     0     0     0 11605     0     0     0     0     0
      0     0     0     0     0     0]
 [    0     0     0     0     0     0     0  5729     0     0     0     0
      0     0     0     0     0     0]
 [    0     0     0     0     0     0     0     0  4014     0     0     0
      0     0     0     0     0     0]
 [    0     0     0     0     0     0     0     0     0   829     0     0
      0     0     0     0     0     0]
 [    0     0     0     0     0     0     0     0     0     0   828     0
      0     0     0     0     0     0]
 [    0     0     0     0     0     0     0     0     0     0     0  2877
      0     0     0     0     0     0]
 [    0     0     0     0     0     0     0     0     0     0     0     0
   1331     0     0     0     0     0]
 [    0     0     0     0     0     0     0     0     0     0     0     0
      0   363     0     0     0     0]
 [    0     0     0     0     0     0     0     0     0     0     0     0
      0     0  1419     0     0     0]
 [    0     0     0     0     0     0     0     0     0     0     0     0
      0     0     0   155     0     0]
 [    0     0     0     0     0     0     0     0     0     0     0     0
      0     0     0     0   474     0]
 [    0     0     0     0     0     0     0     0     0     0     0     0
      0     0     0     0     0   161]]              precision    recall  f1-score   support

         1.0       1.00      1.00      1.00       209
         2.0       1.00      1.00      1.00      2354
         7.0       1.00      1.00      1.00      1132
         8.0       1.00      1.00      1.00       702
         9.0       1.00      1.00      1.00       124
        10.0       1.00      1.00      1.00       254
        11.0       1.00      1.00      1.00     11605
        12.0       1.00      1.00      1.00      5729
        13.0       1.00      1.00      1.00      4014
        14.0       1.00      1.00      1.00       829
        15.0       1.00      1.00      1.00       828
        17.0       1.00      1.00      1.00      2877
        18.0       1.00      1.00      1.00      1331
        21.0       1.00      1.00      1.00       363
        22.0       1.00      1.00      1.00      1419
        23.0       1.00      1.00      1.00       155
        25.0       1.00      1.00      1.00       474
        27.0       1.00      1.00      1.00       161

    accuracy                           1.00     34560
   macro avg       1.00      1.00      1.00     34560
weighted avg       1.00      1.00      1.00     34560
[[  352   233    28     0     0     0     0    14     0     0     0     0
      9     1    61     1     0     0]
 [    1 17923     0     0     0     0     0     3     0     0     0     0
      0     0     0     0     0     1]
 [    0     0  1854     3     4     0     0     5     0     0     0     0
      0   159     0     0     0     0]
 [    0     0     0   976     5     0     0     0     0     0     0     0
      0     0     0     0     0     0]
 [    0     0     0    10   272     0     0     0     0     0     0     0
      0    66     0     0     0     0]
 [    0     0     0     0     0   122     0     0     0     0     0     0
      0     0     0     0     0     0]
 [    0    41     0     0     0     0 12788     0     0     0     0     0
      0     0     0     0     0     0]
 [   12   116    63     0     7    19    17  7225    18     0   315     0
     20    86    54    38     7     0]
 [    0     0     0     0     0     0     0    22  1029     0     0    10
      0     0     0    35     8     0]
 [    0    41     2     0     0     0     0     2     0   717     0     0
      0    61     0     0     0     0]
 [    0     0     0     0     0     0     0    79     0     0  2482     0
      0     0     0     0     0     0]
 [    0     0     0     0     3     0     0     0    23     0     0   395
      0     0     0     0     0     0]
 [    9     0     0     0     0     0     0     0     0     0     0     0
    231     0     0     2     0     0]
 [    0     0   102     0     0     0     0     1     0     0     0     0
      0   187     0     0     0     0]
 [    9     0     0     0     0     0     0     0     0     0     0     0
      0     0    97     0     0     0]
 [    2    55     0     0     0    33     0    56     0     0     0     0
      0     0     0  1970     0     0]
 [    0     0     0     0     0     0     0     0     0     0     0     0
      0     0     0     0   658     0]
 [    0   402     0     0     0     0    13    49     0     0     0     0
      0     0     0     0     0   126]]              precision    recall  f1-score   support

         1.0       0.91      0.50      0.65       699
         2.0       0.95      1.00      0.98     17928
         7.0       0.90      0.92      0.91      2025
         8.0       0.99      0.99      0.99       981
         9.0       0.93      0.78      0.85       348
        10.0       0.70      1.00      0.82       122
        11.0       1.00      1.00      1.00     12829
        12.0       0.97      0.90      0.94      7997
        13.0       0.96      0.93      0.95      1104
        15.0       1.00      0.87      0.93       823
        16.0       0.89      0.97      0.93      2561
        17.0       0.98      0.94      0.96       421
        18.0       0.89      0.95      0.92       242
        19.0       0.33      0.64      0.44       290
        21.0       0.46      0.92      0.61       106
        22.0       0.96      0.93      0.95      2116
        25.0       0.98      1.00      0.99       658
        27.0       0.99      0.21      0.35       590

    accuracy                           0.95     51840
   macro avg       0.88      0.86      0.84     51840
weighted avg       0.96      0.95      0.95     51840
