[[ 163    0    0    0    0    0    0    0    0    0    0    0    0    0
     0    0    0]
 [   0 2566    0    0    0    0    0    0    0    0    0    0    0    0
     0    0    0]
 [   0    0  201    0    0    0    0    0    0    0    0    0    0    0
     0    0    0]
 [   0    0    0  464    0    0    0    0    0    0    0    0    0    0
     0    0    0]
 [   0    0    0    0  162    0    0    0    0    0    0    0    0    0
     0    0    0]
 [   0    0    0    0    0  227    0    0    0    0    0    0    0    0
     0    0    0]
 [   0    0    0    0    0    0   61    0    0    0    0    0    0    0
     0    0    0]
 [   0    0    0    0    0    0    0  164    0    0    0    0    0    0
     0    0    0]
 [   0    0    0    0    0    0    0    0 6086    0    0    0    0    0
     0    0    0]
 [   0    0    0    0    0    0    0    0    0 2829    0    0    0    0
     0    0    0]
 [   0    0    0    0    0    0    0    0    0    0 1305    0    0    0
     0    0    0]
 [   0    0    0    0    0    0    0    0    0    0    0  260    0    0
     0    0    0]
 [   0    0    0    0    0    0    0    0    0    0    0    0  619    0
     0    0    0]
 [   0    0    0    0    0    0    0    0    0    0    0    0    0 1398
     0    0    0]
 [   0    0    0    0    0    0    0    0    0    0    0    0    0    0
   101    0    0]
 [   0    0    0    0    0    0    0    0    0    0    0    0    0    0
     0  574    0]
 [   0    0    0    0    0    0    0    0    0    0    0    0    0    0
     0    0  100]]              precision    recall  f1-score   support

         1.0       1.00      1.00      1.00       163
         2.0       1.00      1.00      1.00      2566
         3.0       1.00      1.00      1.00       201
         4.0       1.00      1.00      1.00       464
         7.0       1.00      1.00      1.00       162
         8.0       1.00      1.00      1.00       227
         9.0       1.00      1.00      1.00        61
        10.0       1.00      1.00      1.00       164
        11.0       1.00      1.00      1.00      6086
        12.0       1.00      1.00      1.00      2829
        13.0       1.00      1.00      1.00      1305
        14.0       1.00      1.00      1.00       260
        15.0       1.00      1.00      1.00       619
        17.0       1.00      1.00      1.00      1398
        21.0       1.00      1.00      1.00       101
        22.0       1.00      1.00      1.00       574
        27.0       1.00      1.00      1.00       100

    accuracy                           1.00     17280
   macro avg       1.00      1.00      1.00     17280
weighted avg       1.00      1.00      1.00     17280
[[    3    29     0     0   388     0     0     0     0     0     0     0
      0]
 [    0 18766     0     0     0     0    20     0     0     0     0     0
     33]
 [    0     0    89     0     0     0     0     0     0     0    30     0
      0]
 [    0     0     3    79    14     0   126   109     0     0    15     0
      0]
 [    0     8     0     8  8829     3    95     4     0     0     0     0
      0]
 [    0     0     0     0     0   367     0     0   140     0     0     0
      0]
 [    0    19     0     2     1     1   670     2     0     0     0     0
      0]
 [    0     5     0     0     0     0    52  2542     0     0     0     5
      0]
 [    0    41     0     0     0    10     0    61   790     0     0     1
      0]
 [    0    12     0     0     0     0     0     0     0   254     0     0
      0]
 [    0     0     1     0     0     0    29     4     0     0    56     0
      0]
 [    0     2     0     0     0     0     0    11    41     0     0   433
      0]
 [    0   279     0     0     0     0     1     0     0     0     0    14
     63]]              precision    recall  f1-score   support

         1.0       1.00      0.01      0.01       420
         2.0       0.98      1.00      0.99     18819
         9.0       0.96      0.75      0.84       119
        10.0       0.89      0.23      0.36       346
        11.0       0.96      0.99      0.97      8947
        12.0       0.96      0.72      0.83       507
        15.0       0.67      0.96      0.79       695
        17.0       0.93      0.98      0.95      2604
        18.0       0.81      0.87      0.84       903
        20.0       1.00      0.95      0.98       266
        21.0       0.55      0.62      0.59        90
        22.0       0.96      0.89      0.92       487
        27.0       0.66      0.18      0.28       357

    accuracy                           0.95     34560
   macro avg       0.87      0.70      0.72     34560
weighted avg       0.95      0.95      0.94     34560
