[[ 276    0    0    0    0    0    0    0    0    0    0    0]
 [   0 8490    0    0    0    0    0    0    0    0    0    0]
 [   0    0   55    0    0    0    0    0    0    0    0    0]
 [   0    0    0  108    0    0    0    0    0    0    0    0]
 [   0    0    0    0    4    0    0    0    0    0    0    0]
 [   0    0    0    0    0 6724    0    0    0    0    0    0]
 [   0    0    0    0    0    0  742    0    0    0    0    0]
 [   0    0    0    0    0    0    0  587    0    0    0    0]
 [   0    0    0    0    0    0    0    0  102    0    0    0]
 [   0    0    0    0    0    0    0    0    0  119    0    0]
 [   0    0    0    0    0    0    0    0    0    0   22    0]
 [   0    0    0    0    0    0    0    0    0    0    0   51]]              precision    recall  f1-score   support

         1.0       1.00      1.00      1.00       276
         2.0       1.00      1.00      1.00      8490
         3.0       1.00      1.00      1.00        55
         4.0       1.00      1.00      1.00       108
        10.0       1.00      1.00      1.00         4
        11.0       1.00      1.00      1.00      6724
        12.0       1.00      1.00      1.00       742
        13.0       1.00      1.00      1.00       587
        15.0       1.00      1.00      1.00       102
        18.0       1.00      1.00      1.00       119
        21.0       1.00      1.00      1.00        22
        27.0       1.00      1.00      1.00        51

    accuracy                           1.00     17280
   macro avg       1.00      1.00      1.00     17280
weighted avg       1.00      1.00      1.00     17280
[[34560]]              precision    recall  f1-score   support

         2.0       1.00      1.00      1.00     34560

    accuracy                           1.00     34560
   macro avg       1.00      1.00      1.00     34560
weighted avg       1.00      1.00      1.00     34560
