[[ 310    0    0    0    0    0    0    0    0    0    0    0    0]
 [   0 8217    0    0    0    0    0    0    0    0    0    0    0]
 [   0    0  147    0    0    0    0    0    0    0    0    0    0]
 [   0    0    1   96    0    0    0    0    0    0    0    0    0]
 [   0    0    0    0  141    0    0    0    0    0    0    0    0]
 [   0    0    0    0    0  104    0    0    0    0    0    0    0]
 [   0    0    0    0    0    0    9    0    0    0    0    0    0]
 [   0    0    0    0    0    0    0 6524    0    0    0    0    0]
 [   0    0    0    0    0    0    0    0  545    0    0    0    0]
 [   0    0    0    0    0    0    0    0    0  108    0    0    0]
 [   0    0    0    0    0    0    0    0    0    0   24    0    0]
 [   0    0    0    0    0    0    0    0    0    0    0 1020    0]
 [   0    0    0    0    0    0    0    0    0    0    0    0   34]]              precision    recall  f1-score   support

         1.0       1.00      1.00      1.00       310
         2.0       1.00      1.00      1.00      8217
         3.0       0.99      1.00      1.00       147
         4.0       1.00      0.99      0.99        97
         7.0       1.00      1.00      1.00       141
         8.0       1.00      1.00      1.00       104
         9.0       1.00      1.00      1.00         9
        11.0       1.00      1.00      1.00      6524
        12.0       1.00      1.00      1.00       545
        15.0       1.00      1.00      1.00       108
        21.0       1.00      1.00      1.00        24
        25.0       1.00      1.00      1.00      1020
        27.0       1.00      1.00      1.00        34

    accuracy                           1.00     17280
   macro avg       1.00      1.00      1.00     17280
weighted avg       1.00      1.00      1.00     17280
[[  666     0     0     0     0     0     0    72     0    20     4     8]
 [    0 16602     0     0     0     0     0     0     0     0     0     0]
 [    0     0   152     0     0     0     0     4     0     0     0     0]
 [   10     0     0   176     0     0     0     0     0     0     0     0]
 [    0     0     0     0  9873     0     0     0     0     0     0     0]
 [    0     0     0     0     0  1002     0     0     0     0     0     0]
 [    3     0     0     0     0     0   137    27    37     0     0     0]
 [    0     0     0     0     0     0     1   473     3     0     0     0]
 [    0     0     0     0     0     0     4     8  2987     0     0     0]
 [    5     0     0     0     0     0     0     0     0    71     0     0]
 [    0     0     0     0     0     0     0     0     0     0  2065     0]
 [    0     0     0     0     0     0     0     0     0    24     3   123]]              precision    recall  f1-score   support

         1.0       0.97      0.86      0.92       770
         2.0       1.00      1.00      1.00     16602
         4.0       1.00      0.97      0.99       156
         8.0       1.00      0.95      0.97       186
        11.0       1.00      1.00      1.00      9873
        12.0       1.00      1.00      1.00      1002
        15.0       0.96      0.67      0.79       204
        17.0       0.81      0.99      0.89       477
        18.0       0.99      1.00      0.99      2999
        21.0       0.62      0.93      0.74        76
        25.0       1.00      1.00      1.00      2065
        27.0       0.94      0.82      0.88       150

    accuracy                           0.99     34560
   macro avg       0.94      0.93      0.93     34560
weighted avg       0.99      0.99      0.99     34560
