[[ 267    0    0    0    0    0    0    0    0    0    0    0    0    0]
 [   0  228    0    0    0    0    0    0    0    0    0    0    0    0]
 [   0    0  125    0    0    0    0    0    0    0    0    0    0    0]
 [   0    0    0  139    0    0    0    0    0    0    0    0    0    0]
 [   0    0    0    0   82    0    0    0    0    0    0    0    0    0]
 [   0    0    0    0    0   62    0    0    0    0    0    0    0    0]
 [   0    0    0    0    0    0  152    0    0    0    0    0    0    0]
 [   0    0    0    0    0    0    0  137    0    0    0    0    0    0]
 [   0    0    0    0    0    0    0    0 6444    0    0    0    0    0]
 [   0    0    0    0    0    0    0    0    0 4806    0    0    0    0]
 [   0    0    0    0    0    0    0    0    0    0 4552    0    0    0]
 [   0    0    0    0    0    0    0    0    0    0    0  150    0    0]
 [   0    0    0    0    0    0    0    0    0    0    0    0  102    0]
 [   0    0    0    0    0    0    0    0    0    0    0    0    0   34]]              precision    recall  f1-score   support

         1.0       1.00      1.00      1.00       267
         2.0       1.00      1.00      1.00       228
         3.0       1.00      1.00      1.00       125
         4.0       1.00      1.00      1.00       139
         5.0       1.00      1.00      1.00        82
         6.0       1.00      1.00      1.00        62
         7.0       1.00      1.00      1.00       152
         8.0       1.00      1.00      1.00       137
        11.0       1.00      1.00      1.00      6444
        12.0       1.00      1.00      1.00      4806
        13.0       1.00      1.00      1.00      4552
        15.0       1.00      1.00      1.00       150
        18.0       1.00      1.00      1.00       102
        27.0       1.00      1.00      1.00        34

    accuracy                           1.00     17280
   macro avg       1.00      1.00      1.00     17280
weighted avg       1.00      1.00      1.00     17280
[[34560]]              precision    recall  f1-score   support

         2.0       1.00      1.00      1.00     34560

    accuracy                           1.00     34560
   macro avg       1.00      1.00      1.00     34560
weighted avg       1.00      1.00      1.00     34560
