[[1099    0    0    0    0    0    0    0    0    0    0    0    0    0]
 [   0 6845    0    0    0    0    0    0    0    0    0    0    0    0]
 [   0    0  255    0    0    0    0    0    0    0    0    0    0    0]
 [   0    0    0  387    0    0    0    0    0    0    0    0    0    0]
 [   0    0    0    0   62    0    0    0    0    0    0    0    0    0]
 [   0    0    0    0    0  287    0    0    0    0    0    0    0    0]
 [   0    0    0    0    0    0 5772    0    0    0    0    0    0    0]
 [   0    0    0    0    0    0    0  633    0    0    0    0    0    0]
 [   0    0    0    0    0    0    0    0  601    0    0    0    0    0]
 [   0    0    0    0    0    0    0    0    0  236    0    0    0    0]
 [   0    0    0    0    0    0    0    0    0    0  557    0    0    0]
 [   0    0    0    0    0    0    0    0    0    0    0   33    0    0]
 [   0    0    0    0    0    0    0    0    0    0    0    0  286    0]
 [   0    0    0    0    0    0    0    0    0    0    0    0    0  227]]              precision    recall  f1-score   support

         1.0       1.00      1.00      1.00      1099
         2.0       1.00      1.00      1.00      6845
         3.0       1.00      1.00      1.00       255
         4.0       1.00      1.00      1.00       387
         9.0       1.00      1.00      1.00        62
        10.0       1.00      1.00      1.00       287
        11.0       1.00      1.00      1.00      5772
        12.0       1.00      1.00      1.00       633
        14.0       1.00      1.00      1.00       601
        15.0       1.00      1.00      1.00       236
        17.0       1.00      1.00      1.00       557
        21.0       1.00      1.00      1.00        33
        22.0       1.00      1.00      1.00       286
        27.0       1.00      1.00      1.00       227

    accuracy                           1.00     17280
   macro avg       1.00      1.00      1.00     17280
weighted avg       1.00      1.00      1.00     17280
[[   37     0     5     0     0     0     0     0     0    14     0]
 [    0 23226     0     4     0     0     0     0     0     0     0]
 [   15     0    82    72     0     0     0     0     0     0     0]
 [    0     0     4   481     0     0     0     0     0     0     0]
 [    0     6     0     0  7112    16     0     0     0     0     0]
 [    0     0     0     0     0   627     0     0     0    14     0]
 [    0    15     0     0     0     0   197     0     0     4     0]
 [    0   207     0     0  1596     0     0     0     0     0     0]
 [    0   279     0     0     0     0     0     0    14     0     1]
 [    1     0     0     0     0     2     0     0     0   176     0]
 [    0   281     0    11     0     0     0     0     0     0    61]]              precision    recall  f1-score   support

         1.0       0.70      0.66      0.68        56
         2.0       0.97      1.00      0.98     23230
         9.0       0.90      0.49      0.63       169
        10.0       0.85      0.99      0.91       485
        11.0       0.82      1.00      0.90      7134
        12.0       0.97      0.98      0.98       641
        15.0       1.00      0.91      0.95       216
        16.0       0.00      0.00      0.00      1803
        20.0       1.00      0.05      0.09       294
        21.0       0.85      0.98      0.91       179
        27.0       0.98      0.17      0.29       353

    accuracy                           0.93     34560
   macro avg       0.82      0.66      0.67     34560
weighted avg       0.88      0.93      0.90     34560
