[[  582     0     0     0     0     0     0     0     0]
 [    0 11088     0     0     0     0     0     0     0]
 [    0     0    89     0     0     0     0     0     0]
 [    0     0     0  2816     0     0     0     0     0]
 [    0     0     0     0  2415     0     0     0     0]
 [    0     0     0     0     0   148     0     0     0]
 [    0     0     0     0     0     0    55     0     0]
 [    0     0     0     0     0     0     0    23     0]
 [    0     0     0     0     0     0     0     0    64]]              precision    recall  f1-score   support

         1.0       1.00      1.00      1.00       582
         2.0       1.00      1.00      1.00     11088
        10.0       1.00      1.00      1.00        89
        12.0       1.00      1.00      1.00      2816
        13.0       1.00      1.00      1.00      2415
        14.0       1.00      1.00      1.00       148
        15.0       1.00      1.00      1.00        55
        21.0       1.00      1.00      1.00        23
        27.0       1.00      1.00      1.00        64

    accuracy                           1.00     17280
   macro avg       1.00      1.00      1.00     17280
weighted avg       1.00      1.00      1.00     17280
[[    0    30     0     0     0]
 [    0 32838     0     0     0]
 [    0    93  1518     0     0]
 [    0    32     0    19     0]
 [    0     3     0     0    27]]              precision    recall  f1-score   support

         1.0       0.00      0.00      0.00        30
         2.0       1.00      1.00      1.00     32838
        12.0       1.00      0.94      0.97      1611
        15.0       1.00      0.37      0.54        51
        27.0       1.00      0.90      0.95        30

    accuracy                           1.00     34560
   macro avg       0.80      0.64      0.69     34560
weighted avg       0.99      1.00      0.99     34560
