[[ 802    0    0    0    0    0    0    0    0    0    0    0    0    0
     0]
 [   0  103    0    0    0    0    0    0    0    0    0    0    0    0
     0]
 [   0    0   98    0    0    0    0    0    0    0    0    0    0    0
     0]
 [   0    0    0  287    0    0    0    0    0    0    0    0    0    0
     0]
 [   0    0    0    0  344    0    0    0    0    0    0    0    0    0
     0]
 [   0    0    0    0    0  163    0    0    0    0    0    0    0    0
     0]
 [   0    0    0    0    0    0   52    0    0    0    0    0    0    0
     0]
 [   0    0    0    0    0    0    0   38    0    0    0    0    0    0
     0]
 [   0    0    0    0    0    0    0    0   86    0    0    0    0    0
     0]
 [   0    0    0    0    0    0    0    0    0 7329    0    0    0    0
     0]
 [   0    0    0    0    0    0    0    0    0    0 1651    0    0    0
     0]
 [   0    0    0    0    0    0    0    0    0    0    0 6001    0    0
     0]
 [   0    0    0    0    0    0    0    0    0    0    0    0  166    0
     0]
 [   0    0    0    0    0    0    0    0    0    0    0    0    0  108
     0]
 [   0    0    0    0    0    0    0    0    0    0    0    0    0    0
    52]]              precision    recall  f1-score   support

         1.0       1.00      1.00      1.00       802
         3.0       1.00      1.00      1.00       103
         4.0       1.00      1.00      1.00        98
         5.0       1.00      1.00      1.00       287
         6.0       1.00      1.00      1.00       344
         7.0       1.00      1.00      1.00       163
         8.0       1.00      1.00      1.00        52
         9.0       1.00      1.00      1.00        38
        10.0       1.00      1.00      1.00        86
        11.0       1.00      1.00      1.00      7329
        12.0       1.00      1.00      1.00      1651
        13.0       1.00      1.00      1.00      6001
        15.0       1.00      1.00      1.00       166
        18.0       1.00      1.00      1.00       108
        27.0       1.00      1.00      1.00        52

    accuracy                           1.00     17280
   macro avg       1.00      1.00      1.00     17280
weighted avg       1.00      1.00      1.00     17280
[[    0    18     2     0     0     0     0     0]
 [    0 23368     0     0     0     0     0     0]
 [    0    39    10     0     0     0     0     0]
 [    0     8     0   287     0     0     0     0]
 [    0     0     0     0 10333     0     0     0]
 [    0    44     0     0     0     2     1     0]
 [    0   263     0     0     0     0     2     0]
 [    0   119     0     0     0     0     0    64]]              precision    recall  f1-score   support

         1.0       0.00      0.00      0.00        20
         2.0       0.98      1.00      0.99     23368
         3.0       0.83      0.20      0.33        49
         4.0       1.00      0.97      0.99       295
        11.0       1.00      1.00      1.00     10333
        15.0       1.00      0.04      0.08        47
        20.0       0.67      0.01      0.01       265
        27.0       1.00      0.35      0.52       183

    accuracy                           0.99     34560
   macro avg       0.81      0.45      0.49     34560
weighted avg       0.98      0.99      0.98     34560
