[[ 230    0    0    0    0    0    0    0    0    0    0    0    0    0
     0    0    0    0    0    0    0]
 [   0   94    0    0    0    0    0    0    0    0    0    0    0    0
     0    0    0    0    0    0    0]
 [   0    0  159    0    0    0    0    0    0    0    0    0    0    0
     0    0    0    0    0    0    0]
 [   0    0    0  305    0    0    0    0    0    0    0    0    0    0
     0    0    0    0    0    0    0]
 [   0    0    0    0  483    0    0    0    0    0    0    0    0    0
     0    0    0    0    0    0    0]
 [   0    0    0    0    0  434    0    0    0    0    0    0    0    0
     0    0    0    0    0    0    0]
 [   0    0    0    0    0    0  338    0    0    0    0    0    0    0
     0    0    0    0    0    0    0]
 [   0    0    0    0    0    0    0  141    0    0    0    0    0    0
     0    0    0    0    0    0    0]
 [   0    0    0    0    0    0    0    0  208    0    0    0    0    0
     0    0    0    0    0    0    0]
 [   0    0    0    0    0    0    0    0    0 5690    0    0    0    0
     0    0    0    0    0    0    0]
 [   0    0    0    0    0    0    0    0    0    0 1952    0    0    0
     0    0    0    0    0    0    0]
 [   0    0    0    0    0    0    0    0    0    0    0  140    0    0
     0    0    0    0    0    0    0]
 [   0    0    0    0    0    0    0    0    0    0    0    0  388    0
     0    0    0    0    0    0    0]
 [   0    0    0    0    0    0    0    0    0    0    0    0    0  541
     0    0    0    0    0    0    0]
 [   0    0    0    0    0    0    0    0    0    0    0    0    0    0
  1121    0    0    0    0    0    0]
 [   0    0    0    0    0    0    0    0    0    0    0    0    0    0
     0 2255    0    0    0    0    0]
 [   0    0    0    0    0    0    0    0    0    0    0    0    0    0
     0    0  279    0    0    0    0]
 [   0    0    0    0    0    0    0    0    0    0    0    0    0    0
     0    0    0   75    0    0    0]
 [   0    0    0    0    0    0    0    0    0    0    0    0    0    0
     0    0    0    0 1752    0    0]
 [   0    0    0    0    0    0    0    0    0    0    0    0    0    0
     0    0    0    0    0  413    0]
 [   0    0    0    0    0    0    0    0    0    0    0    0    0    0
     0    0    0    0    0    0  282]]              precision    recall  f1-score   support

         1.0       1.00      1.00      1.00       230
         2.0       1.00      1.00      1.00        94
         3.0       1.00      1.00      1.00       159
         4.0       1.00      1.00      1.00       305
         5.0       1.00      1.00      1.00       483
         6.0       1.00      1.00      1.00       434
         7.0       1.00      1.00      1.00       338
         8.0       1.00      1.00      1.00       141
         9.0       1.00      1.00      1.00       208
        11.0       1.00      1.00      1.00      5690
        12.0       1.00      1.00      1.00      1952
        13.0       1.00      1.00      1.00       140
        14.0       1.00      1.00      1.00       388
        15.0       1.00      1.00      1.00       541
        16.0       1.00      1.00      1.00      1121
        17.0       1.00      1.00      1.00      2255
        18.0       1.00      1.00      1.00       279
        21.0       1.00      1.00      1.00        75
        22.0       1.00      1.00      1.00      1752
        24.0       1.00      1.00      1.00       413
        25.0       1.00      1.00      1.00       282

    accuracy                           1.00     17280
   macro avg       1.00      1.00      1.00     17280
weighted avg       1.00      1.00      1.00     17280
[[   95     0     5     0     0     0     0     0     0     0    21     0
      0]
 [    0 20473     0     0     0     0     0     0     0     0     0     0
      0]
 [    0     0    42     0     0     0     0     0     0     0    19     0
      0]
 [    0     0     5   760     0     0     0     0     0     0    27     0
      0]
 [    0   560     1     1  7535     0     0     0     0     0    24     0
      0]
 [    5     2     1     0     0   378     0     0     0     0    34     0
      0]
 [    0     0     0     0     0     0   240     0     0     0     0     0
     14]
 [    0    42     0     0     0     0     4   573    16     0    38     0
     30]
 [    0     0     0     0     0     0     0     0  2449     0     0     0
      5]
 [    0     4     0     0     0     0     0     0     0   202     0     0
      0]
 [    0     0     4     0     0     0     0     0     0     0   104     0
      0]
 [    0     0     0     0     0     2     0     0     0     0     0   505
      8]
 [    0   144     0     0     0     0     0     3     0     0     0     0
    185]]              precision    recall  f1-score   support

         1.0       0.95      0.79      0.86       121
         2.0       0.96      1.00      0.98     20473
         9.0       0.72      0.69      0.71        61
        10.0       1.00      0.96      0.98       792
        11.0       1.00      0.93      0.96      8121
        12.0       0.99      0.90      0.94       420
        14.0       0.98      0.94      0.96       254
        15.0       0.99      0.82      0.90       703
        17.0       0.99      1.00      1.00      2454
        20.0       1.00      0.98      0.99       206
        21.0       0.39      0.96      0.55       108
        25.0       1.00      0.98      0.99       515
        27.0       0.76      0.56      0.64       332

    accuracy                           0.97     34560
   macro avg       0.90      0.88      0.88     34560
weighted avg       0.97      0.97      0.97     34560
