[[ 326    0    0    0    0    0    0    0    0    0    0    0    0    0
     0]
 [   0 4611    0    0    0    0    0    0    0    0    0    0    0    0
     0]
 [   0    0  197    0    0    0    0    0    0    0    0    0    0    0
     0]
 [   0    0    0  303    0    0    0    0    0    0    0    0    0    0
     0]
 [   0    0    0    0  787    0    0    0    0    0    0    0    0    0
     0]
 [   0    0    0    0    0  343    0    0    0    0    0    0    0    0
     0]
 [   0    0    0    0    0    0 5473    0    0    0    0    0    0    0
     0]
 [   0    0    0    0    0    0    0 1315    0    0    0    0    0    0
     0]
 [   0    0    0    0    0    0    0    0 1223    0    0    0    0    0
     0]
 [   0    0    0    0    0    0    0    0    0  227    0    0    0    0
     0]
 [   0    0    0    0    0    0    0    0    0    0 1566    0    0    0
     0]
 [   0    0    0    0    0    0    0    0    0    0    0  139    0    0
     0]
 [   0    0    0    0    0    0    0    0    0    0    0    0  133    0
     0]
 [   0    0    0    0    0    0    0    0    0    0    0    0    0  516
     0]
 [   0    0    0    0    0    0    0    0    0    0    0    0    0    0
   121]]              precision    recall  f1-score   support

         1.0       1.00      1.00      1.00       326
         2.0       1.00      1.00      1.00      4611
         3.0       1.00      1.00      1.00       197
         4.0       1.00      1.00      1.00       303
         7.0       1.00      1.00      1.00       787
         8.0       1.00      1.00      1.00       343
        11.0       1.00      1.00      1.00      5473
        12.0       1.00      1.00      1.00      1315
        13.0       1.00      1.00      1.00      1223
        15.0       1.00      1.00      1.00       227
        17.0       1.00      1.00      1.00      1566
        19.0       1.00      1.00      1.00       139
        21.0       1.00      1.00      1.00       133
        22.0       1.00      1.00      1.00       516
        27.0       1.00      1.00      1.00       121

    accuracy                           1.00     17280
   macro avg       1.00      1.00      1.00     17280
weighted avg       1.00      1.00      1.00     17280
[[15997     0     0     0     0     0     0     0     0     0     0     0
      0]
 [    0   670     6     0     0     0     0     0     5     0     0     0
      0]
 [    0    48     5     0     0     0     0     0     0     0     0     0
      0]
 [   33     0     0    23     0     8     0     0     0     0     0     0
      0]
 [    0     0     0     0  7372     0     0     0     6     0     0     0
      0]
 [   53     0     0     1     0  4190     0     0   384     0     4     0
      0]
 [   46     0     0     0     0     0   358     0     0     0     0     0
      0]
 [    2    52     0     0     0     0     0   208     5     0     0     0
      0]
 [    7    22     0     0     0    81     0    11  4111     0     8     0
      0]
 [    4     0     0     0     0     0     0     0     0   185     1     0
      0]
 [   38     0     0     0     0     0     0     0     0    20   114     0
      0]
 [  133     0     0    12     0   285     0     0     0     0     0     8
      0]
 [   35     0     0     0     9     0     0     0     0     0     0     0
      0]]              precision    recall  f1-score   support

         2.0       0.98      1.00      0.99     15997
         8.0       0.85      0.98      0.91       681
         9.0       0.45      0.09      0.16        53
        10.0       0.64      0.36      0.46        64
        11.0       1.00      1.00      1.00      7378
        12.0       0.92      0.90      0.91      4632
        14.0       1.00      0.89      0.94       404
        15.0       0.95      0.78      0.86       267
        17.0       0.91      0.97      0.94      4240
        20.0       0.90      0.97      0.94       190
        21.0       0.90      0.66      0.76       172
        22.0       1.00      0.02      0.04       438
        27.0       0.00      0.00      0.00        44

    accuracy                           0.96     34560
   macro avg       0.81      0.66      0.68     34560
weighted avg       0.96      0.96      0.95     34560
