[[ 285    0    0    0    0    0    0    0]
 [   0 9079    0    0    0    0    0    0]
 [   0    0 7489    0    0    0    0    0]
 [   0    0    0  148    0    0    0    0]
 [   0    0    0    0   45    0    0    0]
 [   0    0    0    0    0   50    0    0]
 [   0    0    0    0    0    0   28    0]
 [   0    0    0    0    0    0    0  156]]              precision    recall  f1-score   support

         1.0       1.00      1.00      1.00       285
         2.0       1.00      1.00      1.00      9079
        11.0       1.00      1.00      1.00      7489
        14.0       1.00      1.00      1.00       148
        15.0       1.00      1.00      1.00        45
        21.0       1.00      1.00      1.00        50
        25.0       1.00      1.00      1.00        28
        27.0       1.00      1.00      1.00       156

    accuracy                           1.00     17280
   macro avg       1.00      1.00      1.00     17280
weighted avg       1.00      1.00      1.00     17280
[[  242     0     0     0     0     0     0     0]
 [    0 18165     0     0     0     0     0     0]
 [    0     0 12595     0     0     0     0     0]
 [  104     0     0   422     0     0     0     0]
 [    0     0     0     0    41    49     0     0]
 [    0     0     0     0     0  2412     0     0]
 [    0     0     0     0     0     0    65     0]
 [   56     0     0     0     0    23     2   384]]              precision    recall  f1-score   support

         1.0       0.60      1.00      0.75       242
         2.0       1.00      1.00      1.00     18165
        11.0       1.00      1.00      1.00     12595
        14.0       1.00      0.80      0.89       526
        15.0       1.00      0.46      0.63        90
        17.0       0.97      1.00      0.99      2412
        25.0       0.97      1.00      0.98        65
        27.0       1.00      0.83      0.90       465

    accuracy                           0.99     34560
   macro avg       0.94      0.89      0.89     34560
weighted avg       1.00      0.99      0.99     34560
