[[ 490    0    0    0    0    0    0    0    0    0    0    0    0    0
     0    0    0    0]
 [   0 3382    0    0    0    0    0    0    0    0    0    0    0    0
     0    0    0    0]
 [   0    0  273    0    0    0    0    0    0    0    0    0    0    0
     0    0    0    0]
 [   0    0    0  290    0    0    0    0    0    0    0    0    0    0
     0    0    0    0]
 [   0    0    0    0  184    0    0    0    0    0    0    0    0    0
     0    0    0    0]
 [   0    0    0    0    0  282    0    0    0    0    0    0    0    0
     0    0    0    0]
 [   0    0    0    0    0    0  129    0    0    0    0    0    0    0
     0    0    0    0]
 [   0    0    0    0    0    0    0   42    0    0    0    0    0    0
     0    0    0    0]
 [   0    0    0    0    0    0    0    0 5657    0    0    0    0    0
     0    0    0    0]
 [   0    0    0    0    0    0    0    0    0 1554    0    0    0    0
     0    0    0    0]
 [   0    0    0    0    0    0    0    0    0    0  129    0    0    0
     0    0    0    0]
 [   0    0    0    0    0    0    0    0    0    0    0  382    0    0
     0    0    0    0]
 [   0    0    0    0    0    0    0    0    0    0    0    0   56    0
     0    0    0    0]
 [   0    0    0    0    0    0    0    0    0    0    0    0    0 3519
     0    0    0    0]
 [   0    0    0    0    0    0    0    0    0    0    0    0    0    0
   125    0    0    0]
 [   0    0    0    0    0    0    0    0    0    0    0    0    0    0
     0  400    0    0]
 [   0    0    0    0    0    0    0    0    0    0    0    0    0    0
     0    0  236    0]
 [   0    0    0    0    0    0    0    0    0    0    0    0    0    0
     0    0    0  150]]              precision    recall  f1-score   support

         1.0       1.00      1.00      1.00       490
         2.0       1.00      1.00      1.00      3382
         3.0       1.00      1.00      1.00       273
         4.0       1.00      1.00      1.00       290
         7.0       1.00      1.00      1.00       184
         8.0       1.00      1.00      1.00       282
         9.0       1.00      1.00      1.00       129
        10.0       1.00      1.00      1.00        42
        11.0       1.00      1.00      1.00      5657
        12.0       1.00      1.00      1.00      1554
        14.0       1.00      1.00      1.00       129
        15.0       1.00      1.00      1.00       382
        16.0       1.00      1.00      1.00        56
        17.0       1.00      1.00      1.00      3519
        21.0       1.00      1.00      1.00       125
        22.0       1.00      1.00      1.00       400
        25.0       1.00      1.00      1.00       236
        27.0       1.00      1.00      1.00       150

    accuracy                           1.00     17280
   macro avg       1.00      1.00      1.00     17280
weighted avg       1.00      1.00      1.00     17280
[[    4    15     0     0     0     0     0     0     0     0     0     0
      0     0]
 [    0 19346     0     0     0     0     0    12     0     0     0     0
      2     0]
 [    0     0    37    19     0    54     0     0     0     0    10     0
      0     0]
 [    0     0    13   829     0    60     0     0     3     0     1     0
      0     0]
 [    0    54     0     0  8239     3     1     0     0     0     0     0
      0     0]
 [    0    21     1     0     0   904     0     0     0     4     1     0
      0     0]
 [    0     4    11     0     6    63   593     0     0     0     0     0
      0     0]
 [    0   213     0     0     0     0     4  2089     0     0     0     0
      0     0]
 [    0     0     0     0     0    41     0     0   418     0     0     0
      0     0]
 [    0     3     0     0     0     0     0     0     0   223     0     0
      0     0]
 [    0     0     0     0     0    30     0     0     0     0    24     0
      0     0]
 [    0    92     0     0     0     0     0     1     0     0     0   147
      0     0]
 [    0     0     0     0     0     0     0     0     0     0     0     0
    438     0]
 [    0   417     0     0    58     0     0     0     0     0     0     0
      3    49]]              precision    recall  f1-score   support

         1.0       1.00      0.21      0.35        19
         2.0       0.96      1.00      0.98     19360
         9.0       0.60      0.31      0.41       120
        10.0       0.98      0.92      0.95       906
        11.0       0.99      0.99      0.99      8297
        14.0       0.78      0.97      0.87       931
        15.0       0.99      0.88      0.93       677
        17.0       0.99      0.91      0.95      2306
        18.0       0.99      0.91      0.95       459
        20.0       0.98      0.99      0.98       226
        21.0       0.67      0.44      0.53        54
        22.0       1.00      0.61      0.76       240
        25.0       0.99      1.00      0.99       438
        27.0       1.00      0.09      0.17       527

    accuracy                           0.96     34560
   macro avg       0.92      0.73      0.77     34560
weighted avg       0.97      0.96      0.96     34560
