[[ 630    0    0    0    0    0    0    0    0    0    0    0    0    0
     0    0    0    0]
 [   0 2365    0    0    0    0    0    0    0    0    0    0    0    0
     0    0    0    0]
 [   0    0  109    0    0    0    0    0    0    0    0    0    0    0
     0    0    0    0]
 [   0    0    0  291    0    0    0    0    0    0    0    0    0    0
     0    0    0    0]
 [   0    0    0    0  590    0    0    0    0    0    0    0    0    0
     0    0    0    0]
 [   0    0    0    0    0  133    0    0    0    0    0    0    0    0
     0    0    0    0]
 [   0    0    0    0    0    0  184    0    0    0    0    0    0    0
     0    0    0    0]
 [   0    0    0    0    0    0    0   62    0    0    0    0    0    0
     0    0    0    0]
 [   0    0    0    0    0    0    0    0 4880    0    0    0    0    0
     0    0    0    0]
 [   0    0    0    0    0    0    0    0    0 2144    0    0    0    0
     0    0    0    0]
 [   0    0    0    0    0    0    0    0    0    0  352    0    0    0
     0    0    0    0]
 [   0    0    0    0    0    0    0    0    0    0    0  768    0    0
     0    0    0    0]
 [   0    0    0    0    0    0    0    0    0    0    0    0 3115    0
     0    0    0    0]
 [   0    0    0    0    0    0    0    0    0    0    0    0    0  675
     0    0    0    0]
 [   0    0    0    0    0    0    0    0    0    0    0    0    0    0
   179    0    0    0]
 [   0    0    0    0    0    0    0    0    0    0    0    0    0    0
     0  567    0    0]
 [   0    0    0    0    0    0    0    0    0    0    0    0    0    0
     0    0  108    0]
 [   0    0    0    0    0    0    0    0    0    0    0    0    0    0
     0    0    0  128]]              precision    recall  f1-score   support

         1.0       1.00      1.00      1.00       630
         2.0       1.00      1.00      1.00      2365
         5.0       1.00      1.00      1.00       109
         6.0       1.00      1.00      1.00       291
         7.0       1.00      1.00      1.00       590
         8.0       1.00      1.00      1.00       133
         9.0       1.00      1.00      1.00       184
        10.0       1.00      1.00      1.00        62
        11.0       1.00      1.00      1.00      4880
        12.0       1.00      1.00      1.00      2144
        14.0       1.00      1.00      1.00       352
        15.0       1.00      1.00      1.00       768
        17.0       1.00      1.00      1.00      3115
        18.0       1.00      1.00      1.00       675
        21.0       1.00      1.00      1.00       179
        22.0       1.00      1.00      1.00       567
        25.0       1.00      1.00      1.00       108
        27.0       1.00      1.00      1.00       128

    accuracy                           1.00     17280
   macro avg       1.00      1.00      1.00     17280
weighted avg       1.00      1.00      1.00     17280
[[21756     0     0     0   104     2     0     0     0     0     0     2]
 [    0   173    60     0     0     1     0     0     0    34     0     0]
 [    0     2   570     0    32    93     0     1     0    25     0     0]
 [   69     0     0  7844     0     0     2     0     0     0     0     0]
 [    0     0     4     0   696    10     0     0     0    20     0     4]
 [    0     0     0     0     0   662     0     2     0    65     0     0]
 [   17     0     0     1     0     0   564     0     0     3     0     1]
 [    0     0     0     0     0    36     0   516     0     1     0     0]
 [    8     0     0     0     0     0     0     0   227     0     0     0]
 [    0     0     3     0     0    24     0     0     0   391     0     0]
 [    0     0     0     0     1     0     0     0     0     0   194    13]
 [  192     0     0     0    59     0     0     0     0     0     0    76]]              precision    recall  f1-score   support

         2.0       0.99      1.00      0.99     21864
         9.0       0.99      0.65      0.78       268
        10.0       0.89      0.79      0.84       723
        11.0       1.00      0.99      1.00      7915
        12.0       0.78      0.95      0.86       734
        14.0       0.80      0.91      0.85       729
        15.0       1.00      0.96      0.98       586
        16.0       0.99      0.93      0.96       553
        20.0       1.00      0.97      0.98       235
        21.0       0.73      0.94      0.82       418
        25.0       1.00      0.93      0.97       208
        27.0       0.79      0.23      0.36       327

    accuracy                           0.97     34560
   macro avg       0.91      0.85      0.86     34560
weighted avg       0.98      0.97      0.97     34560
