[[ 135    0    0    0    0    0    0    0    0    0    0    0    0    0
     0    0    0]
 [   0 3803    0    0    0    0    0    0    0    0    0    0    0    0
     0    0    0]
 [   0    0  446    0    0    0    0    0    0    0    0    0    0    0
     0    0    0]
 [   0    0    0  611    0    0    0    0    0    0    0    0    0    0
     0    0    0]
 [   0    0    0    0  391    0    0    0    0    0    0    0    0    0
     0    0    0]
 [   0    0    0    0    0  359    0    0    0    0    0    0    0    0
     0    0    0]
 [   0    0    0    0    0    0  262    0    0    0    0    0    0    0
     0    0    0]
 [   0    0    0    0    0    0    0   32    0    0    0    0    0    0
     0    0    0]
 [   0    0    0    0    0    0    0    0 5470    0    0    0    0    0
     0    0    0]
 [   0    0    0    0    0    0    0    0    0 1649    0    0    0    0
     0    0    0]
 [   0    0    0    0    0    0    0    0    0    0  303    0    0    0
     0    0    0]
 [   0    0    0    0    0    0    0    0    0    0    0  594    0    0
     0    0    0]
 [   0    0    0    0    0    0    0    0    0    0    0    0 2412    0
     0    0    0]
 [   0    0    0    0    0    0    0    0    0    0    0    0    0  163
     0    0    0]
 [   0    0    0    0    0    0    0    0    0    0    0    0    0    0
   482    0    0]
 [   0    0    0    0    0    0    0    0    0    0    0    0    0    0
     0   22    0]
 [   0    0    0    0    0    0    0    0    0    0    0    0    0    0
     0    0  146]]              precision    recall  f1-score   support

         1.0       1.00      1.00      1.00       135
         2.0       1.00      1.00      1.00      3803
         3.0       1.00      1.00      1.00       446
         4.0       1.00      1.00      1.00       611
         5.0       1.00      1.00      1.00       391
         6.0       1.00      1.00      1.00       359
         9.0       1.00      1.00      1.00       262
        10.0       1.00      1.00      1.00        32
        11.0       1.00      1.00      1.00      5470
        12.0       1.00      1.00      1.00      1649
        14.0       1.00      1.00      1.00       303
        15.0       1.00      1.00      1.00       594
        17.0       1.00      1.00      1.00      2412
        21.0       1.00      1.00      1.00       163
        22.0       1.00      1.00      1.00       482
        26.0       1.00      1.00      1.00        22
        27.0       1.00      1.00      1.00       146

    accuracy                           1.00     17280
   macro avg       1.00      1.00      1.00     17280
weighted avg       1.00      1.00      1.00     17280
[[34560]]              precision    recall  f1-score   support

         2.0       1.00      1.00      1.00     34560

    accuracy                           1.00     34560
   macro avg       1.00      1.00      1.00     34560
weighted avg       1.00      1.00      1.00     34560
