[[ 529    0    0    0    0    0    0    0    0    0    0    0]
 [   0 8048    0    0    0    0    0    0    0    0    0    0]
 [   0    0   90    0    0    0    0    0    0    0    0    0]
 [   0    0    0  224    0    0    0    0    0    0    0    0]
 [   0    0    0    0   18    0    0    0    0    0    0    0]
 [   0    0    0    0    0 5740    0    0    0    0    0    0]
 [   0    0    0    0    0    0 1277    0    0    0    0    0]
 [   0    0    0    0    0    0    0 1066    0    0    0    0]
 [   0    0    0    0    0    0    0    0  108    0    0    0]
 [   0    0    0    0    0    0    0    0    0   47    0    0]
 [   0    0    0    0    0    0    0    0    0    0   58    0]
 [   0    0    0    0    0    0    0    0    0    0    0   75]]              precision    recall  f1-score   support

         1.0       1.00      1.00      1.00       529
         2.0       1.00      1.00      1.00      8048
         3.0       1.00      1.00      1.00        90
         4.0       1.00      1.00      1.00       224
         7.0       1.00      1.00      1.00        18
        11.0       1.00      1.00      1.00      5740
        12.0       1.00      1.00      1.00      1277
        13.0       1.00      1.00      1.00      1066
        14.0       1.00      1.00      1.00       108
        15.0       1.00      1.00      1.00        47
        21.0       1.00      1.00      1.00        58
        27.0       1.00      1.00      1.00        75

    accuracy                           1.00     17280
   macro avg       1.00      1.00      1.00     17280
weighted avg       1.00      1.00      1.00     17280
[[   83     0     0     0     0    27     0    19]
 [    0 15988     0     0     0     0     0     0]
 [    0     0   433     0     2     3     0     0]
 [    0     0     0 13339     0     0     0     0]
 [    0     0     0     0  3289    25     0     0]
 [    2     1     0     0    11   210     3    17]
 [    0     0     0     0     0     4   965     0]
 [    0     0     0     0     5    73     0    61]]              precision    recall  f1-score   support

         1.0       0.98      0.64      0.78       129
         2.0       1.00      1.00      1.00     15988
         4.0       1.00      0.99      0.99       438
        11.0       1.00      1.00      1.00     13339
        12.0       0.99      0.99      0.99      3314
        15.0       0.61      0.86      0.72       244
        18.0       1.00      1.00      1.00       969
        27.0       0.63      0.44      0.52       139

    accuracy                           0.99     34560
   macro avg       0.90      0.86      0.87     34560
weighted avg       1.00      0.99      0.99     34560
