[[ 579    0    0    0    0    0    0    0    0    0    0    0    0    0
     0    0    0]
 [   0  636    0    0    0    0    0    0    0    0    0    0    0    0
     0    0    0]
 [   0    0  676    0    0    0    0    0    0    0    0    0    0    0
     0    0    0]
 [   0    0    0  262    0    0    0    0    0    0    0    0    0    0
     0    0    0]
 [   0    0    0    0  104    0    0    0    0    0    0    0    0    0
     0    0    0]
 [   0    0    0    0    0  273    0    0    0    0    0    0    0    0
     0    0    0]
 [   0    0    0    0    0    0 5811    0    0    0    0    0    0    0
     0    0    0]
 [   0    0    0    0    0    0    0 2385    0    0    0    0    0    0
     0    0    0]
 [   0    0    0    0    0    0    0    0  517    0    0    0    0    0
     0    0    0]
 [   0    0    0    0    0    0    0    0    0  254    0    0    0    0
     0    0    0]
 [   0    0    0    0    0    0    0    0    0    0  418    0    0    0
     0    0    0]
 [   0    0    0    0    0    0    0    0    0    0    0 2117    0    0
     0    0    0]
 [   0    0    0    0    0    0    0    0    0    0    0    0 1097    0
     0    0    0]
 [   0    0    0    0    0    0    0    0    0    0    0    0    0   58
     0    0    0]
 [   0    0    0    0    0    0    0    0    0    0    0    0    0    0
  1150    0    0]
 [   0    0    0    0    0    0    0    0    0    0    0    0    0    0
     0  874    0]
 [   0    0    0    0    0    0    0    0    0    0    0    0    0    0
     0    0   69]]              precision    recall  f1-score   support

         1.0       1.00      1.00      1.00       579
         2.0       1.00      1.00      1.00       636
         7.0       1.00      1.00      1.00       676
         8.0       1.00      1.00      1.00       262
         9.0       1.00      1.00      1.00       104
        10.0       1.00      1.00      1.00       273
        11.0       1.00      1.00      1.00      5811
        12.0       1.00      1.00      1.00      2385
        13.0       1.00      1.00      1.00       517
        14.0       1.00      1.00      1.00       254
        15.0       1.00      1.00      1.00       418
        17.0       1.00      1.00      1.00      2117
        18.0       1.00      1.00      1.00      1097
        21.0       1.00      1.00      1.00        58
        22.0       1.00      1.00      1.00      1150
        23.0       1.00      1.00      1.00       874
        27.0       1.00      1.00      1.00        69

    accuracy                           1.00     17280
   macro avg       1.00      1.00      1.00     17280
weighted avg       1.00      1.00      1.00     17280
[[  657     0     0    12    32     0     9     0     3     0     0     0
      0     0     0]
 [    0 13959     0     0     0     0     0     0     0     0     0     0
      0     5     6]
 [    0     0   593    24     0     0     0     0     0     0     0     0
      0     0     0]
 [    5     0     5    89    10     0     0     0     0     0     0     0
      0     0     0]
 [   91     0     0     0   906     0     4     0     2     0     0     0
      0     0     0]
 [    0     7     0     0     0  3922    21     0     0  1577     0     0
      0     0     0]
 [   77     0     0     0    16     0  5586     2     0   328    16     0
      0     0     0]
 [    0     0     0     0     0     0     1   327     0     0     0     0
      0     0     0]
 [  104    21     0     7     6     0    29     0   668     0     0     0
      0     0     0]
 [    0    38     0     0     0     0   250     0     0  3663     0     0
      0     0     0]
 [    0     0     0     0     0     0     6     0     0     0   504     0
      0     0     3]
 [    0     8     0     0     0     0     0     0     0     0     0   252
      0     0     0]
 [   64     0     0     0    17     0    17     0     0     0     0     0
      0     0     0]
 [    0    14     0     0     0     0     0     0     0     0     0     0
      0   331     0]
 [    0   155     0     0     0     0     1     0     0     5     0     0
      0     0   105]]              precision    recall  f1-score   support

         1.0       0.66      0.92      0.77       713
         2.0       0.98      1.00      0.99     13970
         8.0       0.99      0.96      0.98       617
         9.0       0.67      0.82      0.74       109
        10.0       0.92      0.90      0.91      1003
        11.0       1.00      0.71      0.83      5527
        12.0       0.94      0.93      0.93      6025
        14.0       0.99      1.00      1.00       328
        15.0       0.99      0.80      0.89       835
        16.0       0.66      0.93      0.77      3951
        18.0       0.97      0.98      0.98       513
        20.0       1.00      0.97      0.98       260
        21.0       0.00      0.00      0.00        98
        22.0       0.99      0.96      0.97       345
        27.0       0.92      0.39      0.55       266

    accuracy                           0.91     34560
   macro avg       0.85      0.82      0.82     34560
weighted avg       0.93      0.91      0.91     34560
