[[  87    0    0    0    0    0]
 [   0 6417    0    0    0    0]
 [   0    0 8758    0    0    0]
 [   0    0    0 1852    0    0]
 [   0    0    0    0   94    0]
 [   0    0    0    0    0   72]]              precision    recall  f1-score   support

         1.0       1.00      1.00      1.00        87
         2.0       1.00      1.00      1.00      6417
        11.0       1.00      1.00      1.00      8758
        12.0       1.00      1.00      1.00      1852
        15.0       1.00      1.00      1.00        94
        27.0       1.00      1.00      1.00        72

    accuracy                           1.00     17280
   macro avg       1.00      1.00      1.00     17280
weighted avg       1.00      1.00      1.00     17280
[[  102   114     0     0     3     0]
 [    0 16789     0     0     0     0]
 [    0     0 12077     0     0     0]
 [    0     1     0  4823     0     0]
 [    2    23     0    11   450     0]
 [    5    78     0     0     1    81]]              precision    recall  f1-score   support

         1.0       0.94      0.47      0.62       219
         2.0       0.99      1.00      0.99     16789
        11.0       1.00      1.00      1.00     12077
        12.0       1.00      1.00      1.00      4824
        15.0       0.99      0.93      0.96       486
        27.0       1.00      0.49      0.66       165

    accuracy                           0.99     34560
   macro avg       0.99      0.81      0.87     34560
weighted avg       0.99      0.99      0.99     34560
