[[ 890    0    0    0    0    0    0    0    0    0    0    0    0    0
     0    0    0    0    0    0    0]
 [   0  210    0    0    0    0    0    0    0    0    0    0    0    0
     0    0    0    0    0    0    0]
 [   0    0  297    0    0    0    0    0    0    0    0    0    0    0
     0    0    0    0    0    0    0]
 [   0    0    0  248    0    0    0    0    0    0    0    0    0    0
     0    0    0    0    0    0    0]
 [   0    0    0    0  199    0    0    0    0    0    0    0    0    0
     0    0    0    0    0    0    0]
 [   0    0    0    0    0  483    0    0    0    0    0    0    0    0
     0    0    0    0    0    0    0]
 [   0    0    0    0    0    0  265    0    0    0    0    0    0    0
     0    0    0    0    0    0    0]
 [   0    0    0    0    0    0    0  307    0    0    0    0    0    0
     0    0    0    0    0    0    0]
 [   0    0    0    0    0    0    0    0   34    0    0    0    0    0
     0    0    0    0    0    0    0]
 [   0    0    0    0    0    0    0    0    0 5923    0    0    0    0
     0    0    0    0    0    0    0]
 [   0    0    0    0    0    0    0    0    0    0 2292    0    0    0
     0    0    0    0    0    0    0]
 [   0    0    0    0    0    0    0    0    0    0    0 1526    0    0
     0    0    0    0    0    0    0]
 [   0    0    0    0    0    0    0    0    0    0    0    0  327    0
     0    0    0    0    0    0    0]
 [   0    0    0    0    0    0    0    0    0    0    0    0    0  361
     0    0    0    0    0    0    0]
 [   0    0    0    0    0    0    0    0    0    0    0    0    0    0
   158    0    0    0    0    0    0]
 [   0    0    0    0    0    0    0    0    0    0    0    0    0    0
     0 2666    0    0    0    0    0]
 [   0    0    0    0    0    0    0    0    0    0    0    0    0    0
     0    0  403    0    0    0    0]
 [   0    0    0    0    0    0    0    0    0    0    0    0    0    0
     0    0    0  278    0    0    0]
 [   0    0    0    0    0    0    0    0    0    0    0    0    0    0
     0    0    0    0  114    0    0]
 [   0    0    0    0    0    0    0    0    0    0    0    0    0    0
     0    0    0    0    0  270    0]
 [   0    0    0    0    0    0    0    0    0    0    0    0    0    0
     0    0    0    0    0    0   29]]              precision    recall  f1-score   support

         1.0       1.00      1.00      1.00       890
         3.0       1.00      1.00      1.00       210
         4.0       1.00      1.00      1.00       297
         5.0       1.00      1.00      1.00       248
         6.0       1.00      1.00      1.00       199
         7.0       1.00      1.00      1.00       483
         8.0       1.00      1.00      1.00       265
         9.0       1.00      1.00      1.00       307
        10.0       1.00      1.00      1.00        34
        11.0       1.00      1.00      1.00      5923
        12.0       1.00      1.00      1.00      2292
        13.0       1.00      1.00      1.00      1526
        14.0       1.00      1.00      1.00       327
        15.0       1.00      1.00      1.00       361
        16.0       1.00      1.00      1.00       158
        17.0       1.00      1.00      1.00      2666
        18.0       1.00      1.00      1.00       403
        19.0       1.00      1.00      1.00       278
        21.0       1.00      1.00      1.00       114
        22.0       1.00      1.00      1.00       270
        25.0       1.00      1.00      1.00        29

    accuracy                           1.00     17280
   macro avg       1.00      1.00      1.00     17280
weighted avg       1.00      1.00      1.00     17280
[[   60     0     0     0     0     0     0     0     0     0     0     0
      0     0     0     0     0     0]
 [    0 12526     0     0     0     0     0     0     0     0     0     0
      0     0     0     0     0     0]
 [    0     0   938     1     0     0     0     0     0     0     1     0
      0     0     0     0     0     0]
 [    0     0     0   495    10     0     0     0     0     0     0     0
      0     0     0     0     0     0]
 [    0     0     0     2   351     0     0    18     0     0     0     0
      0     0     0     0     0     0]
 [    0     0     0     0     0    67    18    39     0     0     0     0
      0     0     0     0     0     0]
 [    0    10     0     0     0     0 10080     0     0     0     0     0
      0     0     0     0     0     0]
 [    8    48     0     0     4     2     0  5559     0     0     0     0
      0     0    41     0     3     0]
 [    0   194     0     0     0     0     0     0   377     0     0     0
      0     0     0     0     0     0]
 [    0     0     0     0     0     0     0     3     0  1036     0     0
      0     0     0     0     0     0]
 [    0     0    18     0     0     0     0   221     0   158   410     0
      0     0     0     0     0     0]
 [    0     9     0     0     0     0     0    76     0     0     0     0
      0     0     0     0     0     0]
 [    0    42     0     0     0     0     0     0     0     0     0     0
    205     0     0     0     0    16]
 [    0    57     0     0     0     0     0     0     0     0     0     0
      0     0     0     0     0     1]
 [    0    14     0     0     0     0     0   296     0     0     0     0
      0     0   601     0     0     0]
 [    0   101     0     0     0     0     0     0     0     0     0     0
      0     0     0     3     0     0]
 [    0     0     0     0     0     0     0     2     0     0     0     0
      0     0     0     0    61     0]
 [    0   250     0     0     0     0     0    65     0     0     0     0
      1     0     0     0     0    62]]              precision    recall  f1-score   support

         1.0       0.88      1.00      0.94        60
         2.0       0.95      1.00      0.97     12526
         7.0       0.98      1.00      0.99       940
         8.0       0.99      0.98      0.99       505
         9.0       0.96      0.95      0.95       371
        10.0       0.97      0.54      0.69       124
        11.0       1.00      1.00      1.00     10090
        12.0       0.89      0.98      0.93      5665
        15.0       1.00      0.66      0.80       571
        16.0       0.87      1.00      0.93      1039
        17.0       1.00      0.51      0.67       807
        18.0       0.00      0.00      0.00        85
        20.0       1.00      0.78      0.87       263
        21.0       0.00      0.00      0.00        58
        22.0       0.94      0.66      0.77       911
        23.0       1.00      0.03      0.06       104
        25.0       0.95      0.97      0.96        63
        27.0       0.78      0.16      0.27       378

    accuracy                           0.95     34560
   macro avg       0.84      0.68      0.71     34560
weighted avg       0.95      0.95      0.94     34560
