[[ 292    0    0    0    0    0    0    0]
 [   0 9412    0    0    0    0    0    0]
 [   0    0 6142    0    0    0    0    0]
 [   0    0    0  989    0    0    0    0]
 [   0    0    0    0  116    0    0    0]
 [   0    0    0    0    0   46    0    0]
 [   0    0    0    0    0    0  202    0]
 [   0    0    0    0    0    0    0   81]]              precision    recall  f1-score   support

         1.0       1.00      1.00      1.00       292
         2.0       1.00      1.00      1.00      9412
        11.0       1.00      1.00      1.00      6142
        12.0       1.00      1.00      1.00       989
        14.0       1.00      1.00      1.00       116
        15.0       1.00      1.00      1.00        46
        25.0       1.00      1.00      1.00       202
        27.0       1.00      1.00      1.00        81

    accuracy                           1.00     17280
   macro avg       1.00      1.00      1.00     17280
weighted avg       1.00      1.00      1.00     17280
[[  282     0     0     0     0    15     0     1     0]
 [    1 18723     0     0     0     0     0     0     0]
 [    0     0  9827     0     0     0     0     0     0]
 [    0     0     0  2003     0     0     0     0     0]
 [   37     0     0     0    39     0     0     0     1]
 [  129     0     0     0     1  1055     0     0     0]
 [    4     0     0     0     0   105  1884     0     0]
 [    0     0     0     1     0     0     0   356     0]
 [   32     0     0     0     0     0     0     0    64]]              precision    recall  f1-score   support

         1.0       0.58      0.95      0.72       298
         2.0       1.00      1.00      1.00     18724
        11.0       1.00      1.00      1.00      9827
        12.0       1.00      1.00      1.00      2003
        15.0       0.97      0.51      0.67        77
        16.0       0.90      0.89      0.89      1185
        17.0       1.00      0.95      0.97      1993
        25.0       1.00      1.00      1.00       357
        27.0       0.98      0.67      0.80        96

    accuracy                           0.99     34560
   macro avg       0.94      0.88      0.89     34560
weighted avg       0.99      0.99      0.99     34560
