[[ 549    0    0    0    0    0    0    0    0    0    0    0    0    0
     0    0    0]
 [   0 3591    0    0    0    0    0    0    0    0    0    0    0    0
     0    0    0]
 [   0    0  230    0    0    0    0    0    0    0    0    0    0    0
     0    0    0]
 [   0    0    0  304    0    0    0    0    0    0    0    0    0    0
     0    0    0]
 [   0    0    0    0  145    0    0    0    0    0    0    0    0    0
     0    0    0]
 [   0    0    0    0    0  249    0    0    0    0    0    0    0    0
     0    0    0]
 [   0    0    0    0    0    0  115    0    0    0    0    0    0    0
     0    0    0]
 [   0    0    0    0    0    0    0  269    0    0    0    0    0    0
     0    0    0]
 [   0    0    0    0    0    0    0    0 5923    0    0    0    0    0
     0    0    0]
 [   0    0    0    0    0    0    0    0    0 2856    0    0    0    0
     0    0    0]
 [   0    0    0    0    0    0    0    0    0    0  227    0    0    0
     0    0    0]
 [   0    0    0    0    0    0    0    0    0    0    0  438    0    0
     0    0    0]
 [   0    0    0    0    0    0    0    0    0    0    0    0  660    0
     0    0    0]
 [   0    0    0    0    0    0    0    0    0    0    0    0    0  901
     0    0    0]
 [   0    0    0    0    0    0    0    0    0    0    0    0    0    0
   127    0    0]
 [   0    0    0    0    0    0    0    0    0    0    0    0    0    0
     0  520    0]
 [   0    0    0    0    0    0    0    0    0    0    0    0    0    0
     0    0  176]]              precision    recall  f1-score   support

         1.0       1.00      1.00      1.00       549
         2.0       1.00      1.00      1.00      3591
         3.0       1.00      1.00      1.00       230
         4.0       1.00      1.00      1.00       304
         7.0       1.00      1.00      1.00       145
         8.0       1.00      1.00      1.00       249
         9.0       1.00      1.00      1.00       115
        10.0       1.00      1.00      1.00       269
        11.0       1.00      1.00      1.00      5923
        12.0       1.00      1.00      1.00      2856
        14.0       1.00      1.00      1.00       227
        15.0       1.00      1.00      1.00       438
        17.0       1.00      1.00      1.00       660
        18.0       1.00      1.00      1.00       901
        21.0       1.00      1.00      1.00       127
        22.0       1.00      1.00      1.00       520
        27.0       1.00      1.00      1.00       176

    accuracy                           1.00     17280
   macro avg       1.00      1.00      1.00     17280
weighted avg       1.00      1.00      1.00     17280
[[ 513  297    0    0    0   52    0   33    0    0    0   70    0    8
     0]
 [   1 1337    0    0    0    0    0   52    0    0    0    0    0    1
     0]
 [  79    0 1413    2    0    0    0    1    0    0    0    0    0   18
     0]
 [   0    0    0  386    0    0    0   31    0    0    0    0    0    0
     0]
 [   0    0    0    0  164   74    0    2    0    0    0   24    0    0
     0]
 [   0    0    0    0    0 1355    0   87    3    3    0   70    0    0
     0]
 [   0    0    0    0    0    0 7889   25    0    0  399    9    0    2
     0]
 [  11  147   91    1   15   55    0 9944    2    0   86  145    3   45
     0]
 [   0    0    0    0    0   50    0   71  272    0    0    0    0    0
     0]
 [   7    0    0    0    0  147    0    1   13  896    8    3    0   20
     0]
 [   0    0    0    0    0    0  526    0    0    0 3423   13    0  158
     0]
 [   0    0    0    0    0    0  466   18    0    0    0  650    0    0
     0]
 [   0    0    0    0    0    0    0  110    0    0    0   99    7    0
     0]
 [   7  238    0    0    0   35   19 1353    0    0   22    0    0  760
     0]
 [   0  199    0    0    0    0    0    0    0    0    0    0    0    5
    19]]              precision    recall  f1-score   support

         1.0       0.83      0.53      0.64       973
         2.0       0.60      0.96      0.74      1391
         7.0       0.94      0.93      0.94      1513
         8.0       0.99      0.93      0.96       417
         9.0       0.92      0.62      0.74       264
        10.0       0.77      0.89      0.82      1518
        11.0       0.89      0.95      0.92      8324
        12.0       0.85      0.94      0.89     10545
        14.0       0.94      0.69      0.80       393
        15.0       1.00      0.82      0.90      1095
        16.0       0.87      0.83      0.85      4120
        18.0       0.60      0.57      0.59      1134
        21.0       0.70      0.03      0.06       216
        22.0       0.75      0.31      0.44      2434
        27.0       1.00      0.09      0.16       223

    accuracy                           0.84     34560
   macro avg       0.84      0.67      0.70     34560
weighted avg       0.84      0.84      0.83     34560
