[[ 389    0    0    0    0    0    0    0    0    0    0    0    0    0
     0    0    0    0    0]
 [   0  689    0    0    0    0    0    0    0    0    0    0    0    0
     0    0    0    0    0]
 [   0    0  357    0    0    0    0    0    0    0    0    0    0    0
     0    0    0    0    0]
 [   0    0    0  560    0    0    0    0    0    0    0    0    0    0
     0    0    0    0    0]
 [   0    0    0    0  330    0    0    0    0    0    0    0    0    0
     0    0    0    0    0]
 [   0    0    0    0    0  279    0    0    0    0    0    0    0    0
     0    0    0    0    0]
 [   0    0    0    0    0    0  139    0    0    0    0    0    0    0
     0    0    0    0    0]
 [   0    0    0    0    0    0    0  586    0    0    0    0    0    0
     0    0    0    0    0]
 [   0    0    0    0    0    0    0    0 5480    0    0    0    0    0
     0    0    0    0    0]
 [   0    0    0    0    0    0    0    0    0 2948    0    0    0    0
     0    0    0    0    0]
 [   0    0    0    0    0    0    0    0    0    0  356    0    0    0
     0    0    0    0    0]
 [   0    0    0    0    0    0    0    0    0    0    0  334    0    0
     0    0    0    0    0]
 [   0    0    0    0    0    0    0    0    0    0    0    0  423    0
     0    0    0    0    0]
 [   0    0    0    0    0    0    0    0    0    0    0    0    0 2490
     0    0    0    0    0]
 [   0    0    0    0    0    0    0    0    0    0    0    0    0    0
   444    0    0    0    0]
 [   0    0    0    0    0    0    0    0    0    0    0    0    0    0
     0  107    0    0    0]
 [   0    0    0    0    0    0    0    0    0    0    0    0    0    0
     0    0 1026    0    0]
 [   0    0    0    0    0    0    0    0    0    0    0    0    0    0
     0    0    0  202    0]
 [   0    0    0    0    0    0    0    0    0    0    0    0    0    0
     0    0    0    0  141]]              precision    recall  f1-score   support

         1.0       1.00      1.00      1.00       389
         2.0       1.00      1.00      1.00       689
         3.0       1.00      1.00      1.00       357
         4.0       1.00      1.00      1.00       560
         5.0       1.00      1.00      1.00       330
         6.0       1.00      1.00      1.00       279
         9.0       1.00      1.00      1.00       139
        10.0       1.00      1.00      1.00       586
        11.0       1.00      1.00      1.00      5480
        12.0       1.00      1.00      1.00      2948
        13.0       1.00      1.00      1.00       356
        14.0       1.00      1.00      1.00       334
        15.0       1.00      1.00      1.00       423
        17.0       1.00      1.00      1.00      2490
        18.0       1.00      1.00      1.00       444
        21.0       1.00      1.00      1.00       107
        22.0       1.00      1.00      1.00      1026
        25.0       1.00      1.00      1.00       202
        27.0       1.00      1.00      1.00       141

    accuracy                           1.00     17280
   macro avg       1.00      1.00      1.00     17280
weighted avg       1.00      1.00      1.00     17280
[[16620     0     0     0    79     4     1   167     0     0     0]
 [    0    21    22     0    76     0     0     0     0     0     0]
 [    0     0    43     0    32     0     0     0     0     0     0]
 [    0     0     0    36     0     0     0     3     0     0     0]
 [    0     2     0     0 10109     0     0     0     0    15     0]
 [    0     0     0     0     0  1428     1    41     0     0     1]
 [   24     0     0     0    24    64   865     4     0    49     3]
 [    0     0     0    23     0    22     0  3678     0     0     0]
 [    0     0     0     0    24     0     0     0   268     0     0]
 [    0     0     0     0   166     0     1    11    50   149     0]
 [    0     0     0     0     0    41     0   133     0     0   260]]              precision    recall  f1-score   support

         2.0       1.00      0.99      0.99     16871
         3.0       0.91      0.18      0.30       119
         4.0       0.66      0.57      0.61        75
        10.0       0.61      0.92      0.73        39
        11.0       0.96      1.00      0.98     10126
        12.0       0.92      0.97      0.94      1471
        15.0       1.00      0.84      0.91      1033
        17.0       0.91      0.99      0.95      3723
        20.0       0.84      0.92      0.88       292
        21.0       0.70      0.40      0.51       377
        22.0       0.98      0.60      0.74       434

    accuracy                           0.97     34560
   macro avg       0.86      0.76      0.78     34560
weighted avg       0.97      0.97      0.97     34560
