[[  68    0    0    0    0    0    0    0    0    0    0    0    0    0
     0    0    0    0]
 [   0 2755    0    0    0    0    0    0    0    0    0    0    0    0
     0    0    0    0]
 [   0    0  334    0    0    0    0    0    0    0    0    0    0    0
     0    0    0    0]
 [   0    0    0  416    0    0    0    0    0    0    0    0    0    0
     0    0    0    0]
 [   0    0    0    0  318    0    0    0    0    0    0    0    0    0
     0    0    0    0]
 [   0    0    0    0    0  442    0    0    0    0    0    0    0    0
     0    0    0    0]
 [   0    0    0    0    0    0  298    0    0    0    0    0    0    0
     0    0    0    0]
 [   0    0    0    0    0    0    0  154    0    0    0    0    0    0
     0    0    0    0]
 [   0    0    0    0    0    0    0    0 5157    0    0    0    0    0
     0    0    0    0]
 [   0    0    0    0    0    0    0    0    0 1823    0    0    0    0
     0    0    0    0]
 [   0    0    0    0    0    0    0    0    0    0  966    0    0    0
     0    0    0    0]
 [   0    0    0    0    0    0    0    0    0    0    0  257    0    0
     0    0    0    0]
 [   0    0    0    0    0    0    0    0    0    0    0    0  533    0
     0    0    0    0]
 [   0    0    0    0    0    0    0    0    0    0    0    0    0 2598
     0    0    0    0]
 [   0    0    0    0    0    0    0    0    0    0    0    0    0    0
   152    0    0    0]
 [   0    0    0    0    0    0    0    0    0    0    0    0    0    0
     0  730    0    0]
 [   0    0    0    0    0    0    0    0    0    0    0    0    0    0
     0    0  205    0]
 [   0    0    0    0    0    0    0    0    0    0    0    0    0    0
     0    0    0   74]]              precision    recall  f1-score   support

         1.0       1.00      1.00      1.00        68
         2.0       1.00      1.00      1.00      2755
         3.0       1.00      1.00      1.00       334
         4.0       1.00      1.00      1.00       416
         5.0       1.00      1.00      1.00       318
         7.0       1.00      1.00      1.00       442
         8.0       1.00      1.00      1.00       298
         9.0       1.00      1.00      1.00       154
        11.0       1.00      1.00      1.00      5157
        12.0       1.00      1.00      1.00      1823
        13.0       1.00      1.00      1.00       966
        14.0       1.00      1.00      1.00       257
        15.0       1.00      1.00      1.00       533
        17.0       1.00      1.00      1.00      2598
        21.0       1.00      1.00      1.00       152
        22.0       1.00      1.00      1.00       730
        25.0       1.00      1.00      1.00       205
        27.0       1.00      1.00      1.00        74

    accuracy                           1.00     17280
   macro avg       1.00      1.00      1.00     17280
weighted avg       1.00      1.00      1.00     17280
[[   91   433     0     0     0     0     0     0     0     0     0     0
      0     0     0     0     0]
 [    0 16466     0     0     0     0     0     0     0     0     0     0
      0     0     0     0     0]
 [    0     0    48     0     0     0     0     0     0     0     0     0
      0    12     0     0     0]
 [    0     0     0   908     0     0    20     0     0     0     0     0
      0     0     7     0     0]
 [    0     0     0     5   469     0     0     0     0     0     0     0
     14     0     0     0     0]
 [    0     0     0     0     0    21     0     0     1     0     0     0
      0     0     2     0     0]
 [    0     0     0    40     0     0   149     0    41     0     0     0
      0     0     6     0     0]
 [    0   791     0     0     0     0     0  7749     0     0     0     0
      0     0    70     0     0]
 [    0    23     0     7     0     5    46     0  4005     0     8     3
     73     6   211     0     0]
 [    0     0     0     0     0     0     0     0     2   312     3     0
      0    18     0     0     0]
 [    0    12     0     0     0     0     0     0     1     1   441     0
      0     9     0     0     0]
 [    0     0     0     0     0     0    22     0    12     0     0   168
      0     0     0     0     0]
 [    0     0     0     0     0     0     0     0   165     0     0     0
    197     0     0     0     0]
 [    0    27     0     0     0     0     0     0     0     0     4     0
      0   248     3     0     0]
 [    0     0     0     0     0     3    19     9     1     0     1     0
      0     0   842     0     0]
 [    0     0     0     0     0     0     0    22     0     0     0     0
      0     0     1   110     0]
 [    0   170     0     0     0     0     0     2     0     0     0     0
      0     0     0     0     5]]              precision    recall  f1-score   support

         1.0       1.00      0.17      0.30       524
         2.0       0.92      1.00      0.96     16466
         4.0       1.00      0.80      0.89        60
         7.0       0.95      0.97      0.96       935
         8.0       1.00      0.96      0.98       488
         9.0       0.72      0.88      0.79        24
        10.0       0.58      0.63      0.61       236
        11.0       1.00      0.90      0.95      8610
        12.0       0.95      0.91      0.93      4387
        14.0       1.00      0.93      0.96       335
        15.0       0.96      0.95      0.96       464
        17.0       0.98      0.83      0.90       202
        18.0       0.69      0.54      0.61       362
        21.0       0.85      0.88      0.86       282
        22.0       0.74      0.96      0.83       875
        25.0       1.00      0.83      0.91       133
        27.0       1.00      0.03      0.05       177

    accuracy                           0.93     34560
   macro avg       0.90      0.78      0.79     34560
weighted avg       0.94      0.93      0.93     34560
