[[  16    0    0    0    0    0    0    0    0    0    0    0]
 [   0 7377    0    0    0    0    0    0    0    0    0    0]
 [   0    0  163    0    0    0    0    0    0    0    0    0]
 [   0    0    0  176    0    0    0    0    0    0    0    0]
 [   0    0    0    0   13    0    0    0    0    0    0    0]
 [   0    0    0    0    0 6774    0    0    0    0    0    0]
 [   0    0    0    0    0    0   83    0    0    0    0    0]
 [   0    0    0    0    0    0    0 2044    0    0    0    0]
 [   0    0    0    0    0    0    0    0  119    0    0    0]
 [   0    0    0    0    0    0    0    0    0  410    0    0]
 [   0    0    0    0    0    0    0    0    0    0   47    0]
 [   0    0    0    0    0    0    0    0    0    0    0   58]]              precision    recall  f1-score   support

         1.0       1.00      1.00      1.00        16
         2.0       1.00      1.00      1.00      7377
         3.0       1.00      1.00      1.00       163
         4.0       1.00      1.00      1.00       176
        10.0       1.00      1.00      1.00        13
        11.0       1.00      1.00      1.00      6774
        12.0       1.00      1.00      1.00        83
        13.0       1.00      1.00      1.00      2044
        15.0       1.00      1.00      1.00       119
        18.0       1.00      1.00      1.00       410
        21.0       1.00      1.00      1.00        47
        27.0       1.00      1.00      1.00        58

    accuracy                           1.00     17280
   macro avg       1.00      1.00      1.00     17280
weighted avg       1.00      1.00      1.00     17280
[[   90     0     0     0     0     0     0     0]
 [    0 15037     0     0     0     0     0     0]
 [    0     0   310     0     0     0    11     0]
 [    0     0     0 17926     0     0     0     0]
 [    0     0     0     0   169     0     0     2]
 [    0     0     0     0     0    30     0     0]
 [    0     0     0     0     0     0   858     0]
 [    8     0     0     0     0     0     5   114]]              precision    recall  f1-score   support

         1.0       0.92      1.00      0.96        90
         2.0       1.00      1.00      1.00     15037
         4.0       1.00      0.97      0.98       321
        11.0       1.00      1.00      1.00     17926
        12.0       1.00      0.99      0.99       171
        15.0       1.00      1.00      1.00        30
        17.0       0.98      1.00      0.99       858
        27.0       0.98      0.90      0.94       127

    accuracy                           1.00     34560
   macro avg       0.99      0.98      0.98     34560
weighted avg       1.00      1.00      1.00     34560
