[[  26    0    0    0    0    0    0    0    0    0    0    0    0    0
     0]
 [   0  210    0    0    0    0    0    0    0    0    0    0    0    0
     0]
 [   0    0   61    0    0    0    0    0    0    0    0    0    0    0
     0]
 [   0    0    0  407    0    0    0    0    0    0    0    0    0    0
     0]
 [   0    0    0    0  110    0    0    0    0    0    0    0    0    0
     0]
 [   0    0    0    0    0   38    0    0    0    0    0    0    0    0
     0]
 [   0    0    0    0    0    0  102    0    0    0    0    0    0    0
     0]
 [   0    0    0    0    0    0    0   23    0    0    0    0    0    0
     0]
 [   0    0    0    0    0    0    0    0 6317    0    0    0    0    0
     0]
 [   0    0    0    0    0    0    0    0    0 1895    0    0    0    0
     0]
 [   0    0    0    0    0    0    0    0    0    0 7168    0    0    0
     0]
 [   0    0    0    0    0    0    0    0    0    0    0  129    0    0
     0]
 [   0    0    0    0    0    0    0    0    0    0    0    0  285    0
     0]
 [   0    0    0    0    0    0    0    0    0    0    0    0    0  488
     0]
 [   0    0    0    0    0    0    0    0    0    0    0    0    0    0
    21]]              precision    recall  f1-score   support

         1.0       1.00      1.00      1.00        26
         3.0       1.00      1.00      1.00       210
         4.0       1.00      1.00      1.00        61
         5.0       1.00      1.00      1.00       407
         6.0       1.00      1.00      1.00       110
         7.0       1.00      1.00      1.00        38
         8.0       1.00      1.00      1.00       102
         9.0       1.00      1.00      1.00        23
        11.0       1.00      1.00      1.00      6317
        12.0       1.00      1.00      1.00      1895
        13.0       1.00      1.00      1.00      7168
        15.0       1.00      1.00      1.00       129
        18.0       1.00      1.00      1.00       285
        25.0       1.00      1.00      1.00       488
        27.0       1.00      1.00      1.00        21

    accuracy                           1.00     17280
   macro avg       1.00      1.00      1.00     17280
weighted avg       1.00      1.00      1.00     17280
[[   97     0     0     0     0     0     0     0     0     0]
 [    0   211     0     0     0     0     0     9     4     0]
 [    0     0   235     0     0     0     0     0     0     0]
 [    8     0     0    86     0     0     0     0     0     0]
 [    0     0     0     0 16583     0     0     0     0     0]
 [    0     0     0     0     0  3708     0     0     0     0]
 [    4     0     2     0     0     0   342     7    27     0]
 [    1     0     0     0     0     0     0 12161    24     1]
 [    0     0     0     0     0     0     0     0    61     0]
 [    0     0     0     0     0     0     3     0     0   986]]              precision    recall  f1-score   support

         1.0       0.88      1.00      0.94        97
         4.0       1.00      0.94      0.97       224
         6.0       0.99      1.00      1.00       235
         8.0       1.00      0.91      0.96        94
        11.0       1.00      1.00      1.00     16583
        12.0       1.00      1.00      1.00      3708
        15.0       0.99      0.90      0.94       382
        17.0       1.00      1.00      1.00     12187
        22.0       0.53      1.00      0.69        61
        25.0       1.00      1.00      1.00       989

    accuracy                           1.00     34560
   macro avg       0.94      0.97      0.95     34560
weighted avg       1.00      1.00      1.00     34560
