[[1087    0    0    0    0    0    0    0    0    0    0]
 [   0 7089    0    0    0    0    0    0    0    0    0]
 [   0    0  176    0    0    0    0    0    0    0    0]
 [   0    0    0  247    0    0    0    0    0    0    0]
 [   0    0    0    0   20    0    0    0    0    0    0]
 [   0    0    0    0    0 7136    0    0    0    0    0]
 [   0    0    0    0    0    0 1341    0    0    0    0]
 [   0    0    0    0    0    0    0   58    0    0    0]
 [   0    0    0    0    0    0    0    0   38    0    0]
 [   0    0    0    0    0    0    0    0    0   66    0]
 [   0    0    0    0    0    0    0    0    0    0   22]]              precision    recall  f1-score   support

         1.0       1.00      1.00      1.00      1087
         2.0       1.00      1.00      1.00      7089
         3.0       1.00      1.00      1.00       176
         4.0       1.00      1.00      1.00       247
         9.0       1.00      1.00      1.00        20
        11.0       1.00      1.00      1.00      7136
        12.0       1.00      1.00      1.00      1341
        15.0       1.00      1.00      1.00        58
        21.0       1.00      1.00      1.00        38
        25.0       1.00      1.00      1.00        66
        27.0       1.00      1.00      1.00        22

    accuracy                           1.00     17280
   macro avg       1.00      1.00      1.00     17280
weighted avg       1.00      1.00      1.00     17280
[[ 1425     0     0     0     0     0     0     0     0     0]
 [    0 14204     0     0     0     0     0     0     0     0]
 [    0     0   450     0     0     0     0     0     0     0]
 [    0     0     0 11414     0     0     0     0     0     0]
 [    2     0     1     0  2540     0     0     0     0     0]
 [  105     0     0     0     0   418     0     0     0     0]
 [    6     0     0     0     0     0  2295     0     0     0]
 [   26     0     0     0     0     0    19  1475     4     0]
 [    0     0     0     0     0     0     0     0   111     0]
 [   46     0     0     0     0     0     0     0     0    19]]              precision    recall  f1-score   support

         1.0       0.89      1.00      0.94      1425
         2.0       1.00      1.00      1.00     14204
         4.0       1.00      1.00      1.00       450
        11.0       1.00      1.00      1.00     11414
        12.0       1.00      1.00      1.00      2543
        15.0       1.00      0.80      0.89       523
        17.0       0.99      1.00      0.99      2301
        18.0       1.00      0.97      0.98      1524
        25.0       0.97      1.00      0.98       111
        27.0       1.00      0.29      0.45        65

    accuracy                           0.99     34560
   macro avg       0.98      0.91      0.92     34560
weighted avg       0.99      0.99      0.99     34560
