[[  195     0     0     0     0     0     0     0     0     0]
 [    0 10695     0     0     0     0     0     0     0     0]
 [    0     0   199     0     0     0     0     0     0     0]
 [    0     0     0   122     0     0     0     0     0     0]
 [    0     0     0     0    13     0     0     0     0     0]
 [    0     0     0     0     0  5769     0     0     0     0]
 [    0     0     0     0     0     0   137     0     0     0]
 [    0     0     0     0     0     0     0    62     0     0]
 [    0     0     0     0     0     0     0     0    23     0]
 [    0     0     0     0     0     0     0     0     0    65]]              precision    recall  f1-score   support

         1.0       1.00      1.00      1.00       195
         2.0       1.00      1.00      1.00     10695
         3.0       1.00      1.00      1.00       199
         4.0       1.00      1.00      1.00       122
         9.0       1.00      1.00      1.00        13
        11.0       1.00      1.00      1.00      5769
        13.0       1.00      1.00      1.00       137
        15.0       1.00      1.00      1.00        62
        21.0       1.00      1.00      1.00        23
        27.0       1.00      1.00      1.00        65

    accuracy                           1.00     17280
   macro avg       1.00      1.00      1.00     17280
weighted avg       1.00      1.00      1.00     17280
[[ 1109     0     4     0     4     0     0]
 [    0 21268     0     0     0     0     0]
 [    3     0   232     0     0     0     0]
 [    0     0     0  9808     0     0     0]
 [   41     0     0     0   321     0     0]
 [  101     0     0     0     5  1479     0]
 [   77     0     0     0    10     0    98]]              precision    recall  f1-score   support

         1.0       0.83      0.99      0.91      1117
         2.0       1.00      1.00      1.00     21268
         4.0       0.98      0.99      0.99       235
        11.0       1.00      1.00      1.00      9808
        15.0       0.94      0.89      0.91       362
        17.0       1.00      0.93      0.97      1585
        27.0       1.00      0.53      0.69       185

    accuracy                           0.99     34560
   macro avg       0.97      0.90      0.92     34560
weighted avg       0.99      0.99      0.99     34560
