[[ 381    0    0    0    0    0    0    0    0    0    0    0    0    0
     0    0    0]
 [   0 3627    0    0    0    0    0    0    0    0    0    0    0    0
     0    0    0]
 [   0    0  250    0    0    0    0    0    0    0    0    0    0    0
     0    0    0]
 [   0    0    0  217    0    0    0    0    0    0    0    0    0    0
     0    0    0]
 [   0    0    0    0  312    0    0    0    0    0    0    0    0    0
     0    0    0]
 [   0    0    0    0    0  324    0    0    0    0    0    0    0    0
     0    0    0]
 [   0    0    0    0    0    0  130    0    0    0    0    0    0    0
     0    0    0]
 [   0    0    0    0    0    0    0  128    0    0    0    0    0    0
     0    0    0]
 [   0    0    0    0    0    0    0    0 5244    0    0    0    0    0
     0    0    0]
 [   0    0    0    0    0    0    0    0    0 1176    0    0    0    0
     0    0    0]
 [   0    0    0    0    0    0    0    0    0    0 1732    0    0    0
     0    0    0]
 [   0    0    0    0    0    0    0    0    0    0    0  357    0    0
     0    0    0]
 [   0    0    0    0    0    0    0    0    0    0    0    0  321    0
     0    0    0]
 [   0    0    0    0    0    0    0    0    0    0    0    0    0 2559
     0    0    0]
 [   0    0    0    0    0    0    0    0    0    0    0    0    0    0
   118    0    0]
 [   0    0    0    0    0    0    0    0    0    0    0    0    0    0
     0  318    0]
 [   0    0    0    0    0    0    0    0    0    0    0    0    0    0
     0    0   86]]              precision    recall  f1-score   support

         1.0       1.00      1.00      1.00       381
         2.0       1.00      1.00      1.00      3627
         3.0       1.00      1.00      1.00       250
         4.0       1.00      1.00      1.00       217
         5.0       1.00      1.00      1.00       312
         6.0       1.00      1.00      1.00       324
         9.0       1.00      1.00      1.00       130
        10.0       1.00      1.00      1.00       128
        11.0       1.00      1.00      1.00      5244
        12.0       1.00      1.00      1.00      1176
        13.0       1.00      1.00      1.00      1732
        14.0       1.00      1.00      1.00       357
        15.0       1.00      1.00      1.00       321
        17.0       1.00      1.00      1.00      2559
        21.0       1.00      1.00      1.00       118
        22.0       1.00      1.00      1.00       318
        27.0       1.00      1.00      1.00        86

    accuracy                           1.00     17280
   macro avg       1.00      1.00      1.00     17280
weighted avg       1.00      1.00      1.00     17280
[[34560]]              precision    recall  f1-score   support

         2.0       1.00      1.00      1.00     34560

    accuracy                           1.00     34560
   macro avg       1.00      1.00      1.00     34560
weighted avg       1.00      1.00      1.00     34560
