[[ 176    0    0    0    0    0    0    0    0    0    0    0    0    0
     0    0    0    0]
 [   0 1653    0    0    0    0    0    0    0    0    0    0    0    0
     0    0    0    0]
 [   0    0  315    0    0    0    0    0    0    0    0    0    0    0
     0    0    0    0]
 [   0    0    0  421    0    0    0    0    0    0    0    0    0    0
     0    0    0    0]
 [   0    0    0    0  499    0    0    0    0    0    0    0    0    0
     0    0    0    0]
 [   0    0    0    0    0  320    0    0    0    0    0    0    0    0
     0    0    0    0]
 [   0    0    0    0    0    0  187    0    0    0    0    0    0    0
     0    0    0    0]
 [   0    0    0    0    0    0    0   70    0    0    0    0    0    0
     0    0    0    0]
 [   0    0    0    0    0    0    0    0 5870    0    0    0    0    0
     0    0    0    0]
 [   0    0    0    0    0    0    0    0    0 2812    0    0    0    0
     0    0    0    0]
 [   0    0    0    0    0    0    0    0    0    0  750    0    0    0
     0    0    0    0]
 [   0    0    0    0    0    0    0    0    0    0    0  170    0    0
     0    0    0    0]
 [   0    0    0    0    0    0    0    0    0    0    0    0  325    0
     0    0    0    0]
 [   0    0    0    0    0    0    0    0    0    0    0    0    0 2196
     0    0    0    0]
 [   0    0    0    0    0    0    0    0    0    0    0    0    0    0
   242    0    0    0]
 [   0    0    0    0    0    0    0    0    0    0    0    0    0    0
     0  171    0    0]
 [   0    0    0    0    0    0    0    0    0    0    0    0    0    0
     0    0  970    0]
 [   0    0    0    0    0    0    0    0    0    0    0    0    0    0
     0    0    0  133]]              precision    recall  f1-score   support

         1.0       1.00      1.00      1.00       176
         2.0       1.00      1.00      1.00      1653
         3.0       1.00      1.00      1.00       315
         4.0       1.00      1.00      1.00       421
         7.0       1.00      1.00      1.00       499
         8.0       1.00      1.00      1.00       320
         9.0       1.00      1.00      1.00       187
        10.0       1.00      1.00      1.00        70
        11.0       1.00      1.00      1.00      5870
        12.0       1.00      1.00      1.00      2812
        13.0       1.00      1.00      1.00       750
        14.0       1.00      1.00      1.00       170
        15.0       1.00      1.00      1.00       325
        17.0       1.00      1.00      1.00      2196
        18.0       1.00      1.00      1.00       242
        21.0       1.00      1.00      1.00       171
        22.0       1.00      1.00      1.00       970
        27.0       1.00      1.00      1.00       133

    accuracy                           1.00     17280
   macro avg       1.00      1.00      1.00     17280
weighted avg       1.00      1.00      1.00     17280
[[   61     0     0     0     0     0     0    23     0     0     0     0
     83     2]
 [    0 13808     0     0     0     0   829     0     0     0     0     0
      0    17]
 [    0     0  1118     2     0     0     0    15     0     0     0     0
      0     0]
 [    0     0     0   391     9     0     0     0     0     0     0     0
      0     0]
 [    0     0     0   101    64     0     0     0     0     0     0     0
      0     0]
 [    0     0     0     2     0   529     0     4     0     0    12     0
      0     0]
 [    0   552     0     0     0     0  6860     0     0     0     0     0
      0     0]
 [    2     0     9     0     0     0    12  3042     0     0    67     0
      0     0]
 [    1     0     0     0     0     0     0     0   139     0     0     0
     16     0]
 [    0    14     0     0     0     0     2     0     0   356     0     0
      0     0]
 [    0   832     0     0     0     3   395     1     0     0  4479     0
      0     0]
 [    0     3     0     0     0     0     0     0     0     0     0   165
      0     0]
 [    0    58     0     0     0     0     0     0     0     0     0    88
    113     0]
 [    4   167     0     0     0     0    12     0     0     0     0     0
      0    98]]              precision    recall  f1-score   support

         1.0       0.90      0.36      0.51       169
         2.0       0.89      0.94      0.92     14654
         7.0       0.99      0.99      0.99      1135
         8.0       0.79      0.98      0.87       400
         9.0       0.88      0.39      0.54       165
        10.0       0.99      0.97      0.98       547
        11.0       0.85      0.93      0.88      7412
        12.0       0.99      0.97      0.98      3132
        14.0       1.00      0.89      0.94       156
        15.0       1.00      0.96      0.98       372
        16.0       0.98      0.78      0.87      5710
        20.0       0.65      0.98      0.78       168
        21.0       0.53      0.44      0.48       259
        27.0       0.84      0.35      0.49       281

    accuracy                           0.90     34560
   macro avg       0.88      0.78      0.80     34560
weighted avg       0.91      0.90      0.90     34560
