[[ 433    0    0    0    0    0    0    0    0    0    0    0    0    0
     0    0    0    0]
 [   0 4083    0    0    0    0    0    0    0    0    0    0    0    0
     0    0    0    0]
 [   0    0  235    0    0    0    0    0    0    0    0    0    0    0
     0    0    0    0]
 [   0    0    0  675    0    0    0    0    0    0    0    0    0    0
     0    0    0    0]
 [   0    0    0    0  162    0    0    0    0    0    0    0    0    0
     0    0    0    0]
 [   0    0    0    0    0  182    0    0    0    0    0    0    0    0
     0    0    0    0]
 [   0    0    0    0    0    0 5884    0    0    0    0    0    0    0
     0    0    0    0]
 [   0    0    0    0    0    0    0 1260    0    0    0    0    0    0
     0    0    0    0]
 [   0    0    0    0    0    0    0    0  426    0    0    0    0    0
     0    0    0    0]
 [   0    0    0    0    0    0    0    0    0  386    0    0    0    0
     0    0    0    0]
 [   0    0    0    0    0    0    0    0    0    0  651    0    0    0
     0    0    0    0]
 [   0    0    0    0    0    0    0    0    0    0    0  188    0    0
     0    0    0    0]
 [   0    0    0    0    0    0    0    0    0    0    0    0   79    0
     0    0    0    0]
 [   0    0    0    0    0    0    0    0    0    0    0    0    0  836
     0    0    0    0]
 [   0    0    0    0    0    0    0    0    0    0    0    0    0    0
   426    0    0    0]
 [   0    0    0    0    0    0    0    0    0    0    0    0    0    0
     0  468    0    0]
 [   0    0    0    0    0    0    0    0    0    0    0    0    0    0
     0    0  688    0]
 [   0    0    0    0    0    0    0    0    0    0    0    0    0    0
     0    0    0  218]]              precision    recall  f1-score   support

         1.0       1.00      1.00      1.00       433
         2.0       1.00      1.00      1.00      4083
         3.0       1.00      1.00      1.00       235
         4.0       1.00      1.00      1.00       675
         9.0       1.00      1.00      1.00       162
        10.0       1.00      1.00      1.00       182
        11.0       1.00      1.00      1.00      5884
        12.0       1.00      1.00      1.00      1260
        14.0       1.00      1.00      1.00       426
        15.0       1.00      1.00      1.00       386
        17.0       1.00      1.00      1.00       651
        18.0       1.00      1.00      1.00       188
        21.0       1.00      1.00      1.00        79
        22.0       1.00      1.00      1.00       836
        24.0       1.00      1.00      1.00       426
        25.0       1.00      1.00      1.00       468
        26.0       1.00      1.00      1.00       688
        27.0       1.00      1.00      1.00       218

    accuracy                           1.00     17280
   macro avg       1.00      1.00      1.00     17280
weighted avg       1.00      1.00      1.00     17280
[[   83     7    13     0     0     0    25     0     0    54     0     0
      0]
 [    0 20300     0     0     0     0     0     1     0     0     0     0
      3]
 [   23     0   757     0     0     0    23     0     0    13     0     0
      0]
 [    0   185     0  7900     0     1     0     0     0    63     0     0
      0]
 [    0     0     6     0  1248     0    77     0     0     0     0     1
      8]
 [    0    23     0    48     1   442     0     0     0     0     0     0
      0]
 [    0    17     4     0    10     0   924     0     0     0     0     0
      0]
 [    0    18     0     0     8     0     0   261     0     0     0     1
      0]
 [    2     0     0     0     3     0     7     0   194     0     0     0
      0]
 [    0     0     0     0     0     0     0     0     0   111     0     0
      0]
 [    0    51     6     0     0     0    33     2     0     0   283     0
      5]
 [    0     0     0     0     0     0     4     0     0     0     0   982
      0]
 [    0   234     0     0     0     0     0     0     0     0     0     0
     95]]              precision    recall  f1-score   support

         1.0       0.77      0.46      0.57       182
         2.0       0.97      1.00      0.99     20304
        10.0       0.96      0.93      0.95       816
        11.0       0.99      0.97      0.98      8149
        12.0       0.98      0.93      0.96      1340
        15.0       1.00      0.86      0.92       514
        17.0       0.85      0.97      0.90       955
        18.0       0.99      0.91      0.95       288
        20.0       1.00      0.94      0.97       206
        21.0       0.46      1.00      0.63       111
        22.0       1.00      0.74      0.85       380
        25.0       1.00      1.00      1.00       986
        27.0       0.86      0.29      0.43       329

    accuracy                           0.97     34560
   macro avg       0.91      0.85      0.85     34560
weighted avg       0.97      0.97      0.97     34560
