[[  64    0    0    0    0    0    0    0    0    0    0    0    0    0
     0    0    0    0]
 [   0 2829    0    0    0    0    0    0    0    0    0    0    0    0
     0    0    0    0]
 [   0    0  201    0    0    0    0    0    0    0    0    0    0    0
     0    0    0    0]
 [   0    0    0  174    0    0    0    0    0    0    0    0    0    0
     0    0    0    0]
 [   0    0    0    0  114    0    0    0    0    0    0    0    0    0
     0    0    0    0]
 [   0    0    0    0    0  145    0    0    0    0    0    0    0    0
     0    0    0    0]
 [   0    0    0    0    0    0   85    0    0    0    0    0    0    0
     0    0    0    0]
 [   0    0    0    0    0    0    0  162    0    0    0    0    0    0
     0    0    0    0]
 [   0    0    0    0    0    0    0    0 5789    0    0    0    0    0
     0    0    0    0]
 [   0    0    0    0    0    0    0    0    0 2864    0    0    0    0
     0    0    0    0]
 [   0    0    0    0    0    0    0    0    0    0  394    0    0    0
     0    0    0    0]
 [   0    0    0    0    0    0    0    0    0    0    0  243    0    0
     0    0    0    0]
 [   0    0    0    0    0    0    0    0    0    0    0    0  365    0
     0    0    0    0]
 [   0    0    0    0    0    0    0    0    0    0    0    0    0 2297
     0    0    0    0]
 [   0    0    0    0    0    0    0    0    0    0    0    0    0    0
   162    0    0    0]
 [   0    0    0    0    0    0    0    0    0    0    0    0    0    0
     0  549    0    0]
 [   0    0    0    0    0    0    0    0    0    0    0    0    0    0
     0    0  722    0]
 [   0    0    0    0    0    0    0    0    0    0    0    0    0    0
     0    0    0  121]]              precision    recall  f1-score   support

         1.0       1.00      1.00      1.00        64
         2.0       1.00      1.00      1.00      2829
         3.0       1.00      1.00      1.00       201
         4.0       1.00      1.00      1.00       174
         5.0       1.00      1.00      1.00       114
         6.0       1.00      1.00      1.00       145
         9.0       1.00      1.00      1.00        85
        10.0       1.00      1.00      1.00       162
        11.0       1.00      1.00      1.00      5789
        12.0       1.00      1.00      1.00      2864
        14.0       1.00      1.00      1.00       394
        15.0       1.00      1.00      1.00       243
        17.0       1.00      1.00      1.00       365
        18.0       1.00      1.00      1.00      2297
        21.0       1.00      1.00      1.00       162
        22.0       1.00      1.00      1.00       549
        25.0       1.00      1.00      1.00       722
        27.0       1.00      1.00      1.00       121

    accuracy                           1.00     17280
   macro avg       1.00      1.00      1.00     17280
weighted avg       1.00      1.00      1.00     17280
[[  48    2    0    0   53    0    0    0    0    0    0    0    0    0]
 [  25 6303    0  132  152    0    0    0    0    0    0    0    0    0]
 [   0    0  573  446    0   44    0   15    0    0    0    0    0    0]
 [   0    0    1 9086    0    0    0    0    0    0    0    0    0    0]
 [   0   87   10  283 9382    0    0   17    0    0    0   92    4    3]
 [   0    0    0    0    0  533    0    0    0    0    0    0    0    0]
 [   0    0    0   20    4    0  767    0    0    0    0    0    0    0]
 [   0    0    4    0    0    0    0 1953    0    0    0    0    0    0]
 [   0    3    0    0  191   54    0    0 1173    0    0    0    0    0]
 [   0    0    0    0   73    0    1    0    0  143    0    0    0    0]
 [   0    0    2  175    0    0    0    0    0    0    0    0    0    0]
 [   1   14    0    0  479    0    0  162    0    0    0  402    0    0]
 [   0    0    0    0    0    0    0    0    0    0    0    0 1545    0]
 [   6   13    0    0   68    0    0    0    0    0    0    0    0   16]]              precision    recall  f1-score   support

         1.0       0.60      0.47      0.52       103
         2.0       0.98      0.95      0.97      6612
        10.0       0.97      0.53      0.69      1078
        11.0       0.90      1.00      0.95      9087
        12.0       0.90      0.95      0.93      9878
        14.0       0.84      1.00      0.92       533
        15.0       1.00      0.97      0.98       791
        16.0       0.91      1.00      0.95      1957
        17.0       1.00      0.83      0.90      1421
        18.0       1.00      0.66      0.79       217
        21.0       0.00      0.00      0.00       177
        22.0       0.81      0.38      0.52      1058
        25.0       1.00      1.00      1.00      1545
        27.0       0.84      0.16      0.26       103

    accuracy                           0.92     34560
   macro avg       0.84      0.71      0.74     34560
weighted avg       0.92      0.92      0.91     34560
