[[ 624    0    0    0    0    0    0    0    0    0    0    0    0    0
     0    0    0    0    0]
 [   0  901    0    0    0    0    0    0    0    0    0    0    0    0
     0    0    0    0    0]
 [   0    0  367    0    0    0    0    0    0    0    0    0    0    0
     0    0    0    0    0]
 [   0    0    0  361    0    0    0    0    0    0    0    0    0    0
     0    0    0    0    0]
 [   0    0    0    0  328    0    0    0    0    0    0    0    0    0
     0    0    0    0    0]
 [   0    0    0    0    0  347    0    0    0    0    0    0    0    0
     0    0    0    0    0]
 [   0    0    0    0    0    0  168    0    0    0    0    0    0    0
     0    0    0    0    0]
 [   0    0    0    0    0    0    0  187    0    0    0    0    0    0
     0    0    0    0    0]
 [   0    0    0    0    0    0    0    0 5334    0    0    0    0    0
     0    0    0    0    0]
 [   0    0    0    0    0    0    0    0    0 1727    0    0    0    0
     0    0    0    0    0]
 [   0    0    0    0    0    0    0    0    0    0  316    0    0    0
     0    0    0    0    0]
 [   0    0    0    0    0    0    0    0    0    0    0  443    0    0
     0    0    0    0    0]
 [   0    0    0    0    0    0    0    0    0    0    0    0  481    0
     0    0    0    0    0]
 [   0    0    0    0    0    0    0    0    0    0    0    0    0 3462
     0    0    0    0    0]
 [   0    0    0    0    0    0    0    0    0    0    0    0    0    0
   356    0    0    0    0]
 [   0    0    0    0    0    0    0    0    0    0    0    0    0    0
     0  187    0    0    0]
 [   0    0    0    0    0    0    0    0    0    0    0    0    0    0
     0    0 1272    0    0]
 [   0    0    0    0    0    0    0    0    0    0    0    0    0    0
     0    0    0  311    0]
 [   0    0    0    0    0    0    0    0    0    0    0    0    0    0
     0    0    0    0  108]]              precision    recall  f1-score   support

         1.0       1.00      1.00      1.00       624
         2.0       1.00      1.00      1.00       901
         3.0       1.00      1.00      1.00       367
         4.0       1.00      1.00      1.00       361
         5.0       1.00      1.00      1.00       328
         6.0       1.00      1.00      1.00       347
         8.0       1.00      1.00      1.00       168
         9.0       1.00      1.00      1.00       187
        11.0       1.00      1.00      1.00      5334
        12.0       1.00      1.00      1.00      1727
        13.0       1.00      1.00      1.00       316
        14.0       1.00      1.00      1.00       443
        15.0       1.00      1.00      1.00       481
        17.0       1.00      1.00      1.00      3462
        19.0       1.00      1.00      1.00       356
        21.0       1.00      1.00      1.00       187
        22.0       1.00      1.00      1.00      1272
        23.0       1.00      1.00      1.00       311
        27.0       1.00      1.00      1.00       108

    accuracy                           1.00     17280
   macro avg       1.00      1.00      1.00     17280
weighted avg       1.00      1.00      1.00     17280
[[   65     8     0     0     0     0     0     0     0     0     0     0
      0     0     3]
 [    1 18178     0     0    13  1882   153     0     0     0     0     0
      1    44     1]
 [   22     0   118     0     0     0    19     0     0     0     0     0
      0     3     0]
 [    0     0     4   354     0     0     0     0     0     0     0     0
      0     0     0]
 [    0     3     0     1    90     0     0     0     0     0     3     0
      2     0     0]
 [    0    20     0     0     0  8519     0     0     0     0     0     0
      0     0     0]
 [    0    71     6     0     0    39   782     0     0     0   117     0
      0     2     0]
 [    0     0     0     0     0     0     0    71     0     0     0     0
      0     0     0]
 [    0     0     0     0     0    18     0     0   576     0     0     0
      0     0     0]
 [    0     0     0     0     0   716     0     0     0     0     0     0
      0     0     0]
 [    0     0     0     0     7     0     1    15     0     0   967     0
      0     0     0]
 [    0     0     0     0     0    12     0     0     0     0     0   231
      0     0     0]
 [    0    87     0     0     9     0     0     0     0     0     0     0
     17     0     0]
 [    0     0     2     0     0     0     1     0     0     0     0     0
      0   873     1]
 [    8    43     2     0     0   204     0     0     0     0     0    11
      0   111    53]]              precision    recall  f1-score   support

         1.0       0.68      0.86      0.76        76
         2.0       0.99      0.90      0.94     20273
         7.0       0.89      0.73      0.80       162
         8.0       1.00      0.99      0.99       358
         9.0       0.76      0.91      0.83        99
        11.0       0.75      1.00      0.85      8539
        12.0       0.82      0.77      0.79      1017
        14.0       0.83      1.00      0.90        71
        15.0       1.00      0.97      0.98       594
        16.0       0.00      0.00      0.00       716
        17.0       0.89      0.98      0.93       990
        20.0       0.95      0.95      0.95       243
        21.0       0.85      0.15      0.26       113
        22.0       0.85      1.00      0.91       877
        27.0       0.91      0.12      0.22       432

    accuracy                           0.89     34560
   macro avg       0.81      0.75      0.74     34560
weighted avg       0.89      0.89      0.88     34560
