[[  1714   6277    770     37     58      0     45      0      0      0
       0    620    693    244    502      0      2      0      0      4
       0      0    210      0]
 [     0 210140      0      0      0      0      0      0      0      0
       0      0      0      0      0      0      0      0      0      0
       0      0      0      0]
 [   359    631   1526      3    223      0    106      0      0      0
       0    137      0      0      5      0      0      0      0      0
       0      0      0      0]
 [     6    412     55   2459      0      0      0      0      0      0
       0      0      0      0      0      0      0      0      0      0
       0      0      0      0]
 [   703    521    259      0    415      0      0      0      0      0
       0    108      0      0      0      0      0      0      0      0
       0      0      0      0]
 [     0    224      9    648      0      0      0      0      0      0
       0      0      0      0      0      0      0      0      0      0
       0      0      0      0]
 [    40    529    332      0     36      0    262      0      0      0
       0    338      0      0      9      0      0      0      0      0
       0      0      0      0]
 [     2    449     23    595      0      0      0      0      0      0
       0      0      0      0      7      0      0      0      0      0
       0      0      0      0]
 [    91     80     80      0     96      0      6      0      0      0
       0     25      0      0      1      0      0      0      0      0
       0      0      0      0]
 [    11    223    109      0      1      0     19      0      0      0
       0    161      0      0      4      0     12      0      0      0
       0      0      0      0]
 [     0      0      1      0      0      0      0      0      0      0
  179784      0      0      0      0      0      0      0      0      0
       0      0      0      0]
 [   842   3847     37      0      9      0     28      0      0      0
       0  37244      0      0     20      0    433      0      2      0
       0      0    913      0]
 [   832   3553    689     21      8      0      5      0      0      0
       0    883  38616      0    168      0    344      0      0      0
       0      0     48      0]
 [    68    171      0      0      0      0      0      0      0      0
       0     87      0    829      6      0      7      0      0      0
       0      0      0      0]
 [   297    724    286      0      0      0      0      0      0      0
       0    193      0      0   1086      0      4      0      3      0
       0      0      0      0]
 [   382    127     13      7     21      0      0      0      0      0
       0    227      0      0      2      0      0      0      0      0
       0      0    388      0]
 [   261    153    431     26      7      0      5      0      0      0
       0   1914      0     99     29      0    333      0      2      0
       0      0    863      0]
 [     0    130      0      0      0      0      0      0      0      0
       0    267      0      0      0      0      0      0      0      0
       0      0      0      0]
 [    85    455     33      0      0      0      0      0      0      0
       0    159      0      0     73      0      0      0      0      0
       0      0      0      0]
 [     0      0      0      0      0      0      0      0      0      0
       0      0      0      0     11      0      0      0      0      2
       0      0      0      0]
 [    85     31      1      0      0      0      0      0      0      0
       0      0      0      0      0      0      0      0      0      0
       0      0      0      0]
 [     0     46      2      0      0      0      6      0      0      0
       0    463      0      0     24      0      0      0      0      0
       0      0      0      0]
 [   204    158     14      0      2      0      7      0      0      0
       0    377      0      0      1      0     10      0      0      0
       0      0   2812      0]
 [    98    486      8      0      0      0      1      0      0      0
       0    160      0    100      9      0      0      0      0      0
       0      0      0   1036]]              precision    recall  f1-score   support

         1.0       0.28      0.15      0.20     11176
         2.0       0.92      1.00      0.96    210140
         3.0       0.33      0.51      0.40      2990
         4.0       0.65      0.84      0.73      2932
         5.0       0.47      0.21      0.29      2006
         6.0       0.00      0.00      0.00       881
         7.0       0.53      0.17      0.26      1546
         8.0       0.00      0.00      0.00      1076
         9.0       0.00      0.00      0.00       379
        10.0       0.00      0.00      0.00       540
        11.0       1.00      1.00      1.00    179785
        12.0       0.86      0.86      0.86     43375
        13.0       0.98      0.85      0.91     45167
        14.0       0.65      0.71      0.68      1168
        15.0       0.55      0.42      0.48      2593
        17.0       0.00      0.00      0.00      1167
        18.0       0.29      0.08      0.13      4123
        19.0       0.00      0.00      0.00       397
        21.0       0.00      0.00      0.00       805
        22.0       0.33      0.15      0.21        13
        23.0       0.00      0.00      0.00       117
        24.0       0.00      0.00      0.00       541
        25.0       0.54      0.78      0.64      3585
        27.0       1.00      0.55      0.71      1898

    accuracy                           0.92    518400
   macro avg       0.39      0.35      0.35    518400
weighted avg       0.90      0.92      0.91    518400
[[  1685   6386    727     45     49      0     50      0      0      0
       0    617    714    249    473      0      2      0      2      4
       0      0    205      0]
 [     0 209559      0      0      0      0      0      0      0      0
       0      0      0      0      0      0      0      0      0      0
       0      0      0      0]
 [   386    640   1532     11    191      0     92      0      0      0
       0    149      0      0      6      0      0      0      0      0
       0      0      0      0]
 [     2    403     48   2450      0      0      0      0      0      0
       0      0      0      0      0      0      0      0      0      0
       0      0      0      0]
 [   707    573    275      0    445      0      0      0      0      0
       0     88      0      0      0      0      0      0      0      0
       0      0      0      0]
 [     0    243      2    676      0      0      0      0      0      0
       0      0      0      0      0      0      0      0      0      0
       0      0      0      0]
 [    39    509    275      0     33      0    279      0      0      0
       0    334      0      0      5      0      0      0      0      0
       0      0      0      0]
 [     1    421     20    596      0      0      0      0      0      0
       0      0      0      0      6      0      0      0      0      0
       0      0      0      0]
 [    82     72     83      3     81      0      8      0      0      0
       0     26      0      0      1      0      0      0      0      0
       0      0      0      0]
 [    11    220    121      0      1      0     17      0      0      0
       0    162      0      0      0      0      6      0      0      0
       0      0      0      0]
 [     0      0      4      0      0      0      0      0      0      0
  180297      0      0      0      0      0      0      0      0      0
       0      0      0      0]
 [   831   3862     37      0      7      0     21      0      0      0
       0  36877      0      0     20      0    377      0      1      0
       0      0    946      0]
 [   867   3481    724     21      9      0      2      0      0      0
       0    887  38724      0    154      0    354      0      0      0
       0      0     46      0]
 [    82    183      0      0      0      0      0      0      0      0
       0    101      0    936     13      0      9      0      0      0
       0      0      0      0]
 [   325    750    291      0      0      0      0      0      0      0
       0    215      0      0   1036      0      6      0      6      0
       0      0      0      0]
 [   399    120     20     12     27      0      0      0      0      0
       0    240      0      0      1      0      0      0      0      0
       0      0    391      0]
 [   232    160    462     36      8      0      8      0      0      0
       0   1887      0    105     42      0    335      0      1      0
       0      0    866      0]
 [     0    119      0      0      0      0      0      0      0      0
       0    249      0      0      0      0      0      0      0      0
       0      0      0      0]
 [    92    449     25      0      0      0      0      0      0      0
       0    163      0      0     81      0      0      0      1      0
       0      0      0      0]
 [     0      1      0      0      0      0      0      0      0      0
       0      0      0      0     12      0      0      0      0      0
       0      0      0      0]
 [    62     18      1      0      0      0      0      0      0      0
       0      0      0      0      0      0      0      0      0      0
       0      0      0      0]
 [     0     48      1      0      0      0      5      0      0      0
       0    466      0      0     21      0      0      0      0      0
       0      0      0      0]
 [   197    178     10      0      2      0     18      0      0      0
       0    361      0      0      2      0      6      0      0      0
       0      0   2796      0]
 [   111    502     16      0      0      0      1      0      0      0
       0    176      0    134     16      0      0      0      0      0
       0      0      0   1108]]              precision    recall  f1-score   support

         1.0       0.28      0.15      0.19     11208
         2.0       0.92      1.00      0.96    209559
         3.0       0.33      0.51      0.40      3007
         4.0       0.64      0.84      0.73      2903
         5.0       0.52      0.21      0.30      2088
         6.0       0.00      0.00      0.00       921
         7.0       0.56      0.19      0.28      1474
         8.0       0.00      0.00      0.00      1044
         9.0       0.00      0.00      0.00       356
        10.0       0.00      0.00      0.00       538
        11.0       1.00      1.00      1.00    180301
        12.0       0.86      0.86      0.86     42979
        13.0       0.98      0.86      0.91     45269
        14.0       0.66      0.71      0.68      1324
        15.0       0.55      0.39      0.46      2629
        17.0       0.00      0.00      0.00      1210
        18.0       0.31      0.08      0.13      4142
        19.0       0.00      0.00      0.00       368
        21.0       0.09      0.00      0.00       811
        22.0       0.00      0.00      0.00        13
        23.0       0.00      0.00      0.00        81
        24.0       0.00      0.00      0.00       541
        25.0       0.53      0.78      0.63      3570
        27.0       1.00      0.54      0.70      2064

    accuracy                           0.92    518400
   macro avg       0.38      0.34      0.34    518400
weighted avg       0.90      0.92      0.91    518400
