[[  2562   5399    221     10    184      0     64      0      0      0
       0    920   1135    249    339      0     62      0      0      0
       0      0     30     33]
 [     1 209558      0      0      0      0      0      0      0      0
       0      0      0      0      0      0      0      0      0      0
       0      0      0      0]
 [   934    422    837     11      0      0      0      0      0      0
       0     77    616      0      4      0    106      0      0      0
       0      0      0      0]
 [    14    411     27   2450      0      0      0      0      0      0
       0      0      1      0      0      0      0      0      0      0
       0      0      0      0]
 [   462    316     82      0    517      0      0      0      0      0
       0    711      0      0      0      0      0      0      0      0
       0      0      0      0]
 [     5    287      4    622      3      0      0      0      0      0
       0      0      0      0      0      0      0      0      0      0
       0      0      0      0]
 [   196    471     14      0     47      0    343      0      0      0
       0    344     44      0      4      0      0      0      0      0
       0      0      4      7]
 [    18    411      0      0      0      0     20    590      0      0
       0      0      0      0      5      0      0      0      0      0
       0      0      0      0]
 [    67     58     43      3     81      0      4      0      0      0
       0     76      0      0      4      0     20      0      0      0
       0      0      0      0]
 [    86    212      6      0      1      0     42      0      0      0
       0    135     19      0      0      0     30      0      0      0
       0      0      4      3]
 [     0      0      0      0      0      0      0      0      0      0
  180301      0      0      0      0      0      0      0      0      0
       0      0      0      0]
 [  2338   1623     33      0    154      0     39      0      0      0
       0  38629      6      0     17      0    120      0      0      0
       0      0     19      1]
 [   317   3216     12     21    728      0      1      0      0      0
       0    803  39806      0    156      0    209      0      0      0
       0      0      0      0]
 [   149    428      0      0     33      0      0      0      0      0
       0    190      0    514     10      0      0      0      0      0
       0      0      0      0]
 [   429    846     69      0     51      0      0      0      0      0
       0    129    304      0    606      0    142      0      0      0
       0      0     26     27]
 [   387    133     40      0      0      0      1     12      0      0
       0    497      0      0      0      0    102      0      0      0
       0      0     38      0]
 [   138    187     12     34     67      0      0      0      0      0
       0   2971    457    105     41      0     71      0      0      0
       0      0     59      0]
 [     0    119      0      0      0      0      0      0      0      0
       0    249      0      0      0      0      0      0      0      0
       0      0      0      0]
 [   189    361     32      0     40      0      0      0      0      0
       0    171     17      0      1      0      0      0      0      0
       0      0      0      0]
 [     1      0     12      0      0      0      0      0      0      0
       0      0      0      0      0      0      0      0      0      0
       0      0      0      0]
 [     0     18      0      0      0      0      1      0      0      0
       0     62      0      0      0      0      0      0      0      0
       0      0      0      0]
 [    48      0      1      0      0      0      5      0      0      0
       0    466      0      0     21      0      0      0      0      0
       0      0      0      0]
 [   107      9     19      0      2      0      4      0      0      0
       0     38      0      0      2      0      9      0      0      0
       0      0   3309     71]
 [   243    496      9      0      0      0      2      0      0      0
       0    143     25    134     16      0     34      0      0      0
       0      0     44    918]]              precision    recall  f1-score   support

         1.0       0.29      0.23      0.26     11208
         2.0       0.93      1.00      0.96    209559
         3.0       0.57      0.28      0.37      3007
         4.0       0.78      0.84      0.81      2903
         5.0       0.27      0.25      0.26      2088
         6.0       0.00      0.00      0.00       921
         7.0       0.65      0.23      0.34      1474
         8.0       0.98      0.57      0.72      1044
         9.0       0.00      0.00      0.00       356
        10.0       0.00      0.00      0.00       538
        11.0       1.00      1.00      1.00    180301
        12.0       0.83      0.90      0.86     42979
        13.0       0.94      0.88      0.91     45269
        14.0       0.51      0.39      0.44      1324
        15.0       0.49      0.23      0.31      2629
        17.0       0.00      0.00      0.00      1210
        18.0       0.08      0.02      0.03      4142
        19.0       0.00      0.00      0.00       368
        21.0       0.00      0.00      0.00       811
        22.0       0.00      0.00      0.00        13
        23.0       0.00      0.00      0.00        81
        24.0       0.00      0.00      0.00       541
        25.0       0.94      0.93      0.93      3570
        27.0       0.87      0.44      0.59      2064

    accuracy                           0.93    518400
   macro avg       0.42      0.34      0.37    518400
weighted avg       0.91      0.93      0.92    518400
