[[  7289   1999    372     13      3     35    280      5     20      7
       0    298    619      0     61      7    134      0      9      0
       0      0      0     57]
 [     1 209558      0      0      0      0      0      0      0      0
       0      0      0      0      0      0      0      0      0      0
       0      0      0      0]
 [   692    249   1944     40      0      0      0      0      0      0
       0      0     73      0      0      9      0      0      0      0
       0      0      0      0]
 [    12    169     14   2706      0      0      0      0      0      0
       0      1      0      0      1      0      0      0      0      0
       0      0      0      0]
 [    11    298      0      0   1592      1      0      0      3      0
       0      0     95      0      0      0     88      0      0      0
       0      0      0      0]
 [     4    215      0      0      4    698      0      0      0      0
       0      0      0      0      0      0      0      0      0      0
       0      0      0      0]
 [    93    373      0      0      0      0    890      4      0     13
       0     63     34      0      0      0      0      0      0      0
       0      0      1      3]
 [    58    338      0      0      0      0     11    635      0      2
       0      0      0      0      0      0      0      0      0      0
       0      0      0      0]
 [    69     16     29      3    140      0     13      0     45      0
       0     10     29      0      0      1      0      0      0      0
       0      0      1      0]
 [    40    171      9      0     20      0     44      1      0    110
       0     12     82      0      0      0     42      0      0      0
       0      0      0      7]
 [     0      0      0      0      0      0      0      0      0      0
  180301      0      0      0      0      0      0      0      0      0
       0      0      0      0]
 [   107   1611      0      1      0      0     32      0      0     11
       0  40917    197      0      6      0      0      0      1      0
       0     84     11      1]
 [   288   3190    484     23    119      0     18      0      0      1
       0     32  41068      0      0      0     26      0      0      0
       0     18      0      2]
 [   168     51     11      0      0      0      0      0      0      0
       0      0      3    947     11      0     33      0     40      0
       0     50      0     10]
 [   462    389    252      5      8      0     11      0      1      0
       0     67    258      0   1046      0     26      0      8      0
       0     17     28     51]
 [   310     14      8      0      0      0      0     24      3      0
       0    137    102      0      0    245    366      0      1      0
       0      0      0      0]
 [   190     62    161     51     20      0      0      0      0      0
       0      0    178      0      0     62   3414      0      1      0
       0      0      0      3]
 [     0    119      0      0      0      0      0      0      0      0
       0      0      0      0      0      0      0      0      0      0
       0    249      0      0]
 [   420    101      0      0      0      0      0      0      1      0
       0     36     53      0     25      0    102      0     73      0
       0      0      0      0]
 [    12      0      0      0      0      0      0      0      0      0
       0      1      0      0      0      0      0      0      0      0
       0      0      0      0]
 [     0     18      0      0      0      0      0      0      0      1
       0      0      0      0      0      0      0      0      0      0
      62      0      0      0]
 [    25      0      0      0      0      0      0      0      0      1
       0      0     44      0      0      0      0      0      0      0
       0    471      0      0]
 [    18      0      0      0      0      0      0      0      0      0
       0      4      0      0      0      0      0      0      0      0
       0      0   3546      2]
 [   400    242     18      0      0      0     14      0      0      0
       0     32     34      0      0      0    110      0      6      0
       0      0      0   1208]]              precision    recall  f1-score   support

         1.0       0.68      0.65      0.67     11208
         2.0       0.96      1.00      0.98    209559
         3.0       0.59      0.65      0.62      3007
         4.0       0.95      0.93      0.94      2903
         5.0       0.84      0.76      0.80      2088
         6.0       0.95      0.76      0.84       921
         7.0       0.68      0.60      0.64      1474
         8.0       0.95      0.61      0.74      1044
         9.0       0.62      0.13      0.21       356
        10.0       0.75      0.20      0.32       538
        11.0       1.00      1.00      1.00    180301
        12.0       0.98      0.95      0.97     42979
        13.0       0.96      0.91      0.93     45269
        14.0       1.00      0.72      0.83      1324
        15.0       0.91      0.40      0.55      2629
        17.0       0.76      0.20      0.32      1210
        18.0       0.79      0.82      0.80      4142
        19.0       0.00      0.00      0.00       368
        21.0       0.53      0.09      0.15       811
        22.0       0.00      0.00      0.00        13
        23.0       1.00      0.77      0.87        81
        24.0       0.53      0.87      0.66       541
        25.0       0.99      0.99      0.99      3570
        27.0       0.90      0.59      0.71      2064

    accuracy                           0.96    518400
   macro avg       0.76      0.61      0.65    518400
weighted avg       0.96      0.96      0.96    518400
