[[    51   6277      0      0      0      0      2      0     45     46
     114     96      0    169    104      0      0      0     76      1]
 [    66 281022      0      6      0      0      0      0    607      0
     234    238      0    444      0      0      0      0      0      0]
 [     0     36      1      0      0      0      0      0      0      0
       0      0      0      0      0      0      0      0      0      0]
 [     0    557      0   2100      0     11      0      0      0      0
       0      4      0     12      0      0      0      0      0      0]
 [     0     24      0    353      0      0      0      0      0      0
       0      0      0      0      0      0      0      0      0      0]
 [     0    188      0    280      0     53      0      0      0      0
       0      0      0      8      0      0      0      0      0      0]
 [     0     18      0      0      0      0      2      0      0      0
       0      0      0      5      0      0      0      0      0      0]
 [     0      0      0      0      0      0      0 145427      0      0
       0      5      0      0      0      0     10      0      0      0]
 [     1   5979      0      0      0      0      0      0  20575      1
       0     72      0    974     12      0      0      0    762      0]
 [     0    158      0      0      0      0      0      0      0    458
       0      9      0    692    196      0      0      0     26      0]
 [     2    157      0      0      0      0      0      0      0      0
     752      2      0      3      0      0      0      0      0      0]
 [    29   2085      0      3      0      0      0      0     52     34
       0   1705      0     65      0      0      2      0      0      4]
 [     4   2052      0      0      0      0      0      0      1      0
      82     25      0      0    534      0      0      0      0      0]
 [    28   6397      0      4      0      0      0      0   1428    132
      26    193      0   9146   2569      0      0      0   1144      0]
 [     4   4079      0      0      0      0      0      0    983    184
     174    101      0   2918   6133      0      0      0    517      0]
 [     1    313      0      0      0      0      0      0      0      0
       0      5      0      0      0      0      0      0      0      0]
 [     9    264      0      0      0      0      0      0      0      0
       0      3      0     27      0      0      2      0      0      0]
 [     0     34      0      0      0      0      0      0      0      0
       0      0      0      0      0      0      0      0      0      0]
 [     2    435      0      0      0      0      0      0     66      1
       0      1      0    247      0      0      0      0   2816      0]
 [    13    849      0      0      0      0      0      0     10      0
      30     13      0      6      0      0      0      0      0    893]]              precision    recall  f1-score   support

         1.0       0.24      0.01      0.01      6981
         2.0       0.90      0.99      0.95    282617
         3.0       1.00      0.03      0.05        37
         4.0       0.76      0.78      0.77      2684
         6.0       0.00      0.00      0.00       377
         8.0       0.83      0.10      0.18       529
        10.0       0.50      0.08      0.14        25
        11.0       1.00      1.00      1.00    145442
        12.0       0.87      0.73      0.79     28376
        13.0       0.54      0.30      0.38      1539
        14.0       0.53      0.82      0.65       916
        15.0       0.69      0.43      0.53      3979
        16.0       0.00      0.00      0.00      2698
        17.0       0.62      0.43      0.51     21067
        18.0       0.64      0.41      0.50     15093
        20.0       0.00      0.00      0.00       319
        21.0       0.14      0.01      0.01       305
        22.0       0.00      0.00      0.00        34
        25.0       0.53      0.79      0.63      3568
        27.0       0.99      0.49      0.66      1814

    accuracy                           0.91    518400
   macro avg       0.54      0.37      0.39    518400
weighted avg       0.89      0.91      0.89    518400
