[[    27   6390      0      0      0      0      0      0     44      3
       0     98      0    306     76      0      0      0     14     23]
 [    53 281289      0      0      0      0      0      0    607      0
       0    239      0    181    105      0      0      0    141      2]
 [     8     28      0      0      0      0      0      0      0      0
       0      0      0      1      0      0      0      0      0      0]
 [     1    557      0   2040      0      0      0      0     12      0
       0      4      0     55      0      0      0      0     11      4]
 [     5     93      0    279      0      0      0      0      0      0
       0      0      0      0      0      0      0      0      0      0]
 [     0    288      0    168      0      0      0      0     61      0
       0     12      0      0      0      0      0      0      0      0]
 [     0     18      0      0      0      0      0      0      0      0
       0      0      0      7      0      0      0      0      0      0]
 [     0      0      0      0      0      0      0 145442      0      0
       0      0      0      0      0      0      0      0      0      0]
 [    15   5545      0      0      0      0      0      0  20650    580
       0     63      0    676    769      0      0      0     78      0]
 [     0    158      0      0      0      0      0      0      0    527
       0      9      0    162    683      0      0      0      0      0]
 [     1    550      0      0      0      0      0      0    104      0
     258      0      0      3      0      0      0      0      0      0]
 [     5   2133      0      0      0      0      0      0     53      0
       0   1644      0     56     64      0      0      0     24      0]
 [     0   2138      0      0      0      0      0      0      1      0
       0     25      0      0    534      0      0      0      0      0]
 [    38   5033      0      0      0      0      0      0   1498      0
       0     81      0  11130   2994      0      0      0    288      5]
 [     5   2586      0      0      0      0      0      0   1404    183
       0     85      0   2652   7516      0      0      0    662      0]
 [     0    319      0      0      0      0      0      0      0      0
       0      0      0      0      0      0      0      0      0      0]
 [     9    271      0      0      0      0      0      0      0      0
       0      0      0      0     25      0      0      0      0      0]
 [     0     34      0      0      0      0      0      0      0      0
       0      0      0      0      0      0      0      0      0      0]
 [     0    169      0      0      0      0      0      0     16      0
       0      1      0     21      0      0      0      0   3351     10]
 [    37   1293      0      0      0      0      0      0    105      0
       0     70      0      0      6      0      0      0      0    303]]              precision    recall  f1-score   support

         1.0       0.13      0.00      0.01      6981
         2.0       0.91      1.00      0.95    282617
         3.0       0.00      0.00      0.00        37
         4.0       0.82      0.76      0.79      2684
         6.0       0.00      0.00      0.00       377
         8.0       0.00      0.00      0.00       529
        10.0       0.00      0.00      0.00        25
        11.0       1.00      1.00      1.00    145442
        12.0       0.84      0.73      0.78     28376
        13.0       0.41      0.34      0.37      1539
        14.0       1.00      0.28      0.44       916
        15.0       0.71      0.41      0.52      3979
        16.0       0.00      0.00      0.00      2698
        17.0       0.73      0.53      0.61     21067
        18.0       0.59      0.50      0.54     15093
        20.0       0.00      0.00      0.00       319
        21.0       0.00      0.00      0.00       305
        22.0       0.00      0.00      0.00        34
        25.0       0.73      0.94      0.82      3568
        27.0       0.87      0.17      0.28      1814

    accuracy                           0.91    518400
   macro avg       0.44      0.33      0.36    518400
weighted avg       0.89      0.91      0.90    518400
