[[  4393   2047      0     15      0      8      0      0     65      0
      12     15     88    111    119      0     11      0     14     83]
 [  1457 278721      0    190      0     25      0      0   1820      0
       0      0     63    242     29      0      9      0      0     61]
 [     0     23      6      0      0      0      0      0      0      0
       0      0      0      8      0      0      0      0      0      0]
 [    18    288      0   2354      0      0      0      0      1      0
       0      0      0     23      0      0      0      0      0      0]
 [     0     22      0      0    355      0      0      0      0      0
       0      0      0      0      0      0      0      0      0      0]
 [     5     43      0      0      0    473      0      0      8      0
       0      0      0      0      0      0      0      0      0      0]
 [     0     23      0      0      0      0      2      0      0      0
       0      0      0      0      0      0      0      0      0      0]
 [     0      0      0      0      0      0      0 145442      0      0
       0      0      0      0      0      0      0      0      0      0]
 [    63   2629      0      0      0      7      0      0  25563      0
       0      0      0     58     40      0      0      0      4     12]
 [     0    155      0      8      0      0      0      0      0   1357
       0      0      0      0     19      0      0      0      0      0]
 [    96     61      0      0      0      0      0      0      0      0
     757      2      0      0      0      0      0      0      0      0]
 [   422   1418      0      0      0      0      0      0     97      0
       0   1799     18     94     18      0      0      0     29     84]
 [    59   1863      0      0      0      0      0      0      0      0
       0      1    195     11    534      0      0      0      0     35]
 [   324   3311      0      1      0      0      0      0    414      0
       0      0     31  15386   1565      0      0      0      0     35]
 [    88   1396      0      3      0      0      0      0    278    167
       0      1     20   1717  11421      0      1      0      1      0]
 [    70    237      0      0      0      0      0      0      0      0
       0      6      0      0      0      0      6      0      0      0]
 [    69    105      0      0      0      0      0      0      0      0
       0      6     21     25      0      0     62      0      0     17]
 [     0     34      0      0      0      0      0      0      0      0
       0      0      0      0      0      0      0      0      0      0]
 [     1     26      0      0      0      0      0      0      0      0
       0      0      0      0      1      0      0      0   3540      0]
 [   429    227      0      0      0      0      0      0     21      0
       0      2     41     43      0      0      0      0      2   1049]]              precision    recall  f1-score   support

         1.0       0.59      0.63      0.61      6981
         2.0       0.95      0.99      0.97    282617
         3.0       1.00      0.16      0.28        37
         4.0       0.92      0.88      0.90      2684
         6.0       1.00      0.94      0.97       377
         8.0       0.92      0.89      0.91       529
        10.0       1.00      0.08      0.15        25
        11.0       1.00      1.00      1.00    145442
        12.0       0.90      0.90      0.90     28376
        13.0       0.89      0.88      0.89      1539
        14.0       0.98      0.83      0.90       916
        15.0       0.98      0.45      0.62      3979
        16.0       0.41      0.07      0.12      2698
        17.0       0.87      0.73      0.79     21067
        18.0       0.83      0.76      0.79     15093
        20.0       0.00      0.00      0.00       319
        21.0       0.70      0.20      0.31       305
        22.0       0.00      0.00      0.00        34
        25.0       0.99      0.99      0.99      3568
        27.0       0.76      0.58      0.66      1814

    accuracy                           0.95    518400
   macro avg       0.78      0.60      0.64    518400
weighted avg       0.95      0.95      0.95    518400
